iteration,search_nfe,action,phase,best_cost,best_cv,best_fitness,feasible,feasible_fraction,cv_r,cv_soc,cv_e,cv_d,median_cv,normalized_diversity,improved,stagnation_iterations,requested_action,selector_fallback,selector_error_kind,selector_elapsed_seconds,llm_call_id
0,600,A1,feasibility,46359.48910723435,31.637707390070275,31684066.879177507,False,0.0,31.637707390070275,0.0,0.0,0.0,58.56907974524063,0.2356730513341575,False,0,A1,False,,0.0,
1,1200,A1,feasibility,45897.50469941474,16.33984273125595,16385740.235955363,False,0.0,16.33984273125595,0.0,0.0,0.0,44.37682312422987,0.23135418134612765,True,0,A1,False,,0.0,
2,1800,A1,feasibility,46362.55246734479,12.748869451792938,12795232.004260283,False,0.0,12.748869451792938,0.0,0.0,0.0,40.498514242082464,0.18330672557190558,True,0,A1,False,,0.0,
3,2400,A1,feasibility,47093.96664164604,9.532917096184665,9580011.062826311,False,0.0,9.532917096184665,0.0,0.0,0.0,33.708204815200666,0.16860166266165816,True,0,A1,False,,0.0,
4,3000,A1,feasibility,46550.6474054968,9.288482413231717,9335033.060637213,False,0.0,9.288482413231717,0.0,0.0,0.0,25.418834133545005,0.14845055490182613,True,0,A1,False,,0.0,
5,3600,A1,feasibility,46357.00043539953,8.988213425275251,9034570.42571065,False,0.0,8.988213425275251,0.0,0.0,0.0,23.55166247418915,0.1296107087715546,True,0,A1,False,,0.0,
6,4200,A1,feasibility,46945.98730163001,6.838220364506878,6885166.351808508,False,0.0,6.838220364506878,0.0,0.0,0.0,21.418301675911977,0.11656014651035101,True,0,A1,False,,0.0,
7,4800,A1,feasibility,46379.47809241284,6.026705960480576,6073085.438572988,False,0.0,6.026705960480576,0.0,0.0,0.0,19.843209460306383,0.1095009528309776,True,0,A1,False,,0.0,
8,5400,A1,feasibility,45608.54003757663,3.7934112911768167,3839019.8312143935,False,0.0,3.7934112911768167,0.0,0.0,0.0,16.70956518737036,0.11162881219483792,True,0,A1,False,,0.0,
9,6000,A1,feasibility,46140.1897972376,3.4396653304107945,3485805.520208032,False,0.0,3.4396653304107945,0.0,0.0,0.0,15.68656918672266,0.10799842318219106,True,0,A1,False,,0.0,
10,6600,A1,feasibility,46140.1897972376,3.4396653304107945,3485805.520208032,False,0.0,3.4396653304107945,0.0,0.0,0.0,12.960971227412536,0.10393519963757333,False,0,A1,False,,0.0,
11,7200,A1,feasibility,46231.75871942773,2.790831647556307,2837063.406275735,False,0.0,2.790831647556307,0.0,0.0,0.0,11.861301483188647,0.0990020175447651,True,0,A1,False,,0.0,
12,7800,A1,feasibility,46231.75871942773,2.790831647556307,2837063.406275735,False,0.0,2.790831647556307,0.0,0.0,0.0,12.949999211880057,0.09960932374135643,False,0,A1,False,,0.0,
13,8400,A1,feasibility,46990.17241684998,1.3830412805509371,1430031.4529677872,False,0.0,1.3830412805509371,0.0,0.0,0.0,7.8229315446311825,0.08266854539681895,True,0,A1,False,,0.0,
14,9000,A1,feasibility,47015.9548699362,0.9093314227464162,956347.3776163524,False,0.0,0.9093314227464162,0.0,0.0,0.0,9.026277019252817,0.08884505578158983,True,0,A1,False,,0.0,
15,9600,A1,feasibility,47015.9548699362,0.9093314227464162,956347.3776163524,False,0.0,0.9093314227464162,0.0,0.0,0.0,7.822081331413737,0.0846987965280077,False,0,A1,False,,0.0,
16,10200,A1,feasibility,47015.9548699362,0.9093314227464162,956347.3776163524,False,0.0,0.9093314227464162,0.0,0.0,0.0,6.7106598475594526,0.07424920173907368,False,0,A1,False,,0.0,
17,10800,A1,feasibility,47053.06490102483,0.3737991397917056,420852.20469273045,False,0.0,0.3737991397917056,0.0,0.0,0.0,4.969340338975419,0.07135927890787902,True,0,A1,False,,0.0,
18,11400,A1,feasibility,47020.82686857354,0.3259930411731607,373013.86804173427,False,0.0,0.3259930411731607,0.0,0.0,0.0,3.5586794521731067,0.059121713351316774,True,0,A1,False,,0.0,
19,12000,A1,feasibility,46877.131802219556,0.23277887421987775,279656.0060220973,False,0.0,0.23277887421987775,0.0,0.0,0.0,3.355165128085413,0.055059606179252846,True,0,A1,False,,0.0,
20,12600,A1,feasibility,46877.131802219556,0.23277887421987775,279656.0060220973,False,0.0,0.23277887421987775,0.0,0.0,0.0,2.685137967985123,0.04995523687211135,False,0,A1,False,,0.0,
21,13200,A1,feasibility,46945.76830127437,0.0643205535614971,111266.32186277147,False,0.0,0.0643205535614971,0.0,0.0,0.0,3.3156814321773895,0.04874373953801992,True,0,A1,False,,0.0,
22,13800,A1,feasibility,46911.030119893854,0.002832567218302273,49743.59733819613,False,0.0,0.002832567218302273,0.0,0.0,0.0,1.895084477298687,0.044681693961024366,True,0,A1,False,,0.0,
23,14400,A1,feasibility,46972.839725105834,0.0004904829558467494,47463.32268095258,False,0.0,0.0004904829558467494,0.0,0.0,0.0,1.9031650621722154,0.039663096895280726,True,0,A1,False,,0.0,
24,15000,A1,feasibility,46972.839725105834,0.0004904829558467494,47463.32268095258,False,0.0,0.0004904829558467494,0.0,0.0,0.0,1.5401568300782889,0.038033916844915194,False,0,A1,False,,0.0,
25,15600,A1,cost,47048.452760597036,0.0,47048.452760597036,True,0.0016666666666666668,0.0,0.0,0.0,0.0,1.235321950701841,0.03350963374292488,True,0,A1,False,,0.0,
26,16200,A1,cost,46658.19294577144,0.0,46658.19294577144,True,0.0033333333333333335,0.0,0.0,0.0,0.0,0.9380968142206934,0.03382426386838782,True,0,A1,False,,0.0,
27,16800,A1,cost,46489.902676480866,0.0,46489.902676480866,True,0.03333333333333333,0.0,0.0,0.0,0.0,0.8923484934488595,0.030964693706928004,True,0,A1,False,,0.0,
28,17400,A1,cost,46249.65976406007,0.0,46249.65976406007,True,0.025,0.0,0.0,0.0,0.0,0.7397528977539651,0.033711928408387694,True,0,A1,False,,0.0,
29,18000,A1,cost,46249.65976406007,0.0,46249.65976406007,True,0.04833333333333333,0.0,0.0,0.0,0.0,0.9673931415408548,0.03535487167105592,False,1,A1,False,,0.0,
30,18600,A1,cost,46187.40208083574,0.0,46187.40208083574,True,0.05333333333333334,0.0,0.0,0.0,0.0,0.5043393182915469,0.0321791387761568,True,0,A1,False,,0.0,
31,19200,A1,cost,46181.54879919967,0.0,46181.54879919967,True,0.07333333333333333,0.0,0.0,0.0,0.0,0.4838089970577816,0.02972621220406995,True,0,A1,False,,0.0,
32,19800,A1,cost,46092.857754345314,0.0,46092.857754345314,True,0.14833333333333334,0.0,0.0,0.0,0.0,0.2689547144679041,0.027911970355845497,True,0,A1,False,,0.0,
33,20400,A1,cost,45998.87897410871,0.0,45998.87897410871,True,0.058333333333333334,0.0,0.0,0.0,0.0,0.38442521138466,0.030135644170643072,True,0,A1,False,,0.0,
34,21000,A1,cost,45826.327646921716,0.0,45826.327646921716,True,0.19333333333333333,0.0,0.0,0.0,0.0,0.15523309885228803,0.025761337348540407,True,0,A1,False,,0.0,
35,21600,A1,cost,45826.327646921716,0.0,45826.327646921716,True,0.12666666666666668,0.0,0.0,0.0,0.0,0.17748320165606118,0.026911488575859916,False,1,A1,False,,0.0,
36,22200,A1,cost,45782.99324416581,0.0,45782.99324416581,True,0.24,0.0,0.0,0.0,0.0,0.11493760714003243,0.02475582566104468,True,0,A1,False,,0.0,
37,22800,A1,cost,45741.84149525096,0.0,45741.84149525096,True,0.23833333333333334,0.0,0.0,0.0,0.0,0.08690148940030262,0.025771531016040808,True,0,A1,False,,0.0,
38,23400,A1,cost,45702.39672037238,0.0,45702.39672037238,True,0.20833333333333334,0.0,0.0,0.0,0.0,0.12393737053985374,0.025162864072145543,True,0,A1,False,,0.0,
39,24000,A1,cost,45616.549985952384,0.0,45616.549985952384,True,0.2733333333333333,0.0,0.0,0.0,0.0,0.055326933036355275,0.021804610447942418,True,0,A1,False,,0.0,
40,24600,A1,cost,45437.916723147304,0.0,45437.916723147304,True,0.36666666666666664,0.0,0.0,0.0,0.0,0.029682744076808154,0.02163281156942342,True,0,A1,False,,0.0,
41,25200,A1,cost,45292.02703452579,0.0,45292.02703452579,True,0.37166666666666665,0.0,0.0,0.0,0.0,0.022691922348854643,0.021261041441641586,True,0,A1,False,,0.0,
42,25800,A1,cost,45221.27649767296,0.0,45221.27649767296,True,0.23166666666666666,0.0,0.0,0.0,0.0,0.03666318666830182,0.02237444915534056,True,0,A1,False,,0.0,
43,26400,A1,cost,44987.077712954095,0.0,44987.077712954095,True,0.3383333333333333,0.0,0.0,0.0,0.0,0.02375321159502993,0.022501132483227004,True,0,A1,False,,0.0,
44,27000,A1,cost,44938.93225684833,0.0,44938.93225684833,True,0.28,0.0,0.0,0.0,0.0,0.032244823000504276,0.022713861123448507,True,0,A1,False,,0.0,
45,27600,A1,cost,44902.56394731284,0.0,44902.56394731284,True,0.38166666666666665,0.0,0.0,0.0,0.0,0.017116530508130223,0.023061626175776923,True,0,A1,False,,0.0,
46,28200,A1,cost,44820.94134868108,0.0,44820.94134868108,True,0.3416666666666667,0.0,0.0,0.0,0.0,0.022295875997175564,0.021252773636494707,True,0,A1,False,,0.0,
47,28800,A1,cost,44820.94134868108,0.0,44820.94134868108,True,0.2833333333333333,0.0,0.0,0.0,0.0,0.036262683743975455,0.02499903805010752,False,1,A1,False,,0.0,
48,29400,A1,cost,44793.05455873765,0.0,44793.05455873765,True,0.36333333333333334,0.0,0.0,0.0,0.0,0.017936813651034722,0.02023943904779863,True,0,A1,False,,0.0,
49,30000,A1,cost,44793.05455873765,0.0,44793.05455873765,True,0.40166666666666667,0.0,0.0,0.0,0.0,0.01393514509499516,0.02142443166225322,False,1,A1,False,,0.0,
50,30600,A1,cost,44761.66868832059,0.0,44761.66868832059,True,0.33166666666666667,0.0,0.0,0.0,0.0,0.01727874019798925,0.018163017344139904,True,0,A1,False,,0.0,
51,31200,A1,cost,44674.0958625831,0.0,44674.0958625831,True,0.3283333333333333,0.0,0.0,0.0,0.0,0.01812838895913993,0.021130245869567514,True,0,A1,False,,0.0,
52,31800,A1,cost,44622.268575141934,0.0,44622.268575141934,True,0.32166666666666666,0.0,0.0,0.0,0.0,0.014594898777771315,0.020609395402530595,True,0,A1,False,,0.0,
53,32400,A1,cost,44622.268575141934,0.0,44622.268575141934,True,0.295,0.0,0.0,0.0,0.0,0.024293301661393762,0.01893532950728099,False,1,A1,False,,0.0,
54,33000,A1,cost,44622.268575141934,0.0,44622.268575141934,True,0.28833333333333333,0.0,0.0,0.0,0.0,0.028203548598524662,0.017298200142916356,False,2,A1,False,,0.0,
55,33600,A1,cost,44622.268575141934,0.0,44622.268575141934,True,0.3983333333333333,0.0,0.0,0.0,0.0,0.008757295487331174,0.016886136151379134,False,3,A1,False,,0.0,
56,34200,A1,cost,44577.377213863714,0.0,44577.377213863714,True,0.385,0.0,0.0,0.0,0.0,0.009059018465767732,0.01650848411792994,True,0,A1,False,,0.0,
57,34800,A1,cost,44555.537617311275,0.0,44555.537617311275,True,0.31333333333333335,0.0,0.0,0.0,0.0,0.01627536634696044,0.017738809033686673,True,0,A1,False,,0.0,
58,35400,A1,cost,44455.71340365874,0.0,44455.71340365874,True,0.33,0.0,0.0,0.0,0.0,0.017624469700672662,0.016821467737184705,True,0,A1,False,,0.0,
59,36000,A1,cost,44455.71340365874,0.0,44455.71340365874,True,0.2833333333333333,0.0,0.0,0.0,0.0,0.017134720301003714,0.015943506477827326,False,1,A1,False,,0.0,
60,36600,A1,cost,44455.71340365874,0.0,44455.71340365874,True,0.2966666666666667,0.0,0.0,0.0,0.0,0.015429735737199524,0.01546151668827139,False,2,A1,False,,0.0,
61,37200,A1,cost,44454.47152629538,0.0,44454.47152629538,True,0.415,0.0,0.0,0.0,0.0,0.006394022225984175,0.014474473920151788,True,0,A1,False,,0.0,
62,37800,A1,cost,44440.375289083924,0.0,44440.375289083924,True,0.3416666666666667,0.0,0.0,0.0,0.0,0.011463500630783791,0.016956084087183295,True,0,A1,False,,0.0,
63,38400,A1,cost,44410.25361376963,0.0,44410.25361376963,True,0.2683333333333333,0.0,0.0,0.0,0.0,0.019115527477945315,0.01610999465213534,True,0,A1,False,,0.0,
64,39000,A1,cost,44401.497415285994,0.0,44401.497415285994,True,0.2966666666666667,0.0,0.0,0.0,0.0,0.01689655306890203,0.013805515610873802,True,0,A1,False,,0.0,
65,39600,A1,cost,44401.497415285994,0.0,44401.497415285994,True,0.375,0.0,0.0,0.0,0.0,0.006869653161013289,0.015526105041964118,False,1,A1,False,,0.0,
66,40200,A1,cost,44373.654494088674,0.0,44373.654494088674,True,0.345,0.0,0.0,0.0,0.0,0.008387539537038968,0.01163294413647774,True,0,A1,False,,0.0,
67,40800,A1,cost,44341.18585114686,0.0,44341.18585114686,True,0.22666666666666666,0.0,0.0,0.0,0.0,0.020663601827671796,0.014052987395411153,True,0,A1,False,,0.0,
68,41400,A1,cost,44336.05980043588,0.0,44336.05980043588,True,0.34833333333333333,0.0,0.0,0.0,0.0,0.010282355298061466,0.013716014639431937,True,0,A1,False,,0.0,
69,42000,A1,cost,44314.34171169001,0.0,44314.34171169001,True,0.4583333333333333,0.0,0.0,0.0,0.0,0.0017851704105180666,0.012436543911296878,True,0,A1,False,,0.0,
70,42600,A1,cost,44265.4807245175,0.0,44265.4807245175,True,0.3516666666666667,0.0,0.0,0.0,0.0,0.005462167665594264,0.013557725268756829,True,0,A1,False,,0.0,
71,43200,A1,cost,44253.13352572518,0.0,44253.13352572518,True,0.31,0.0,0.0,0.0,0.0,0.009987489886263745,0.013433683976663549,True,0,A1,False,,0.0,
72,43800,A1,cost,44138.63724971704,0.0,44138.63724971704,True,0.4066666666666667,0.0,0.0,0.0,0.0,0.004860062099993012,0.013235672801010345,True,0,A1,False,,0.0,
73,44400,A1,cost,44005.381012102735,0.0,44005.381012102735,True,0.395,0.0,0.0,0.0,0.0,0.006790392961035341,0.01300331338410011,True,0,A1,False,,0.0,
74,45000,A1,cost,44005.381012102735,0.0,44005.381012102735,True,0.265,0.0,0.0,0.0,0.0,0.010650709996297655,0.013620253466486397,False,1,A1,False,,0.0,
75,45600,A1,cost,44002.369339018434,0.0,44002.369339018434,True,0.355,0.0,0.0,0.0,0.0,0.004649988074984327,0.015431152773639323,True,0,A1,False,,0.0,
76,46200,A1,cost,44002.369339018434,0.0,44002.369339018434,True,0.37,0.0,0.0,0.0,0.0,0.005307761038108927,0.015783034349872896,False,1,A1,False,,0.0,
77,46800,A1,cost,44002.369339018434,0.0,44002.369339018434,True,0.2966666666666667,0.0,0.0,0.0,0.0,0.008950251356687922,0.014154238788045262,False,2,A1,False,,0.0,
78,47400,A1,cost,43998.95650345671,0.0,43998.95650345671,True,0.355,0.0,0.0,0.0,0.0,0.0045082312229149935,0.012782573880923786,True,0,A1,False,,0.0,
79,48000,A1,cost,43975.06335738598,0.0,43975.06335738598,True,0.385,0.0,0.0,0.0,0.0,0.0033665301181276712,0.013219771663909351,True,0,A1,False,,0.0,
80,48600,A1,cost,43969.33423558854,0.0,43969.33423558854,True,0.35,0.0,0.0,0.0,0.0,0.004562989902491488,0.014541198996001536,True,0,A1,False,,0.0,
81,49200,A1,cost,43964.639387369476,0.0,43964.639387369476,True,0.2633333333333333,0.0,0.0,0.0,0.0,0.007515334312535149,0.01311638951064284,True,0,A1,False,,0.0,
82,49800,A1,cost,43916.43692453195,0.0,43916.43692453195,True,0.3383333333333333,0.0,0.0,0.0,0.0,0.003613303177543159,0.013759803421186285,True,0,A1,False,,0.0,
83,50400,A1,cost,43916.43692453195,0.0,43916.43692453195,True,0.3983333333333333,0.0,0.0,0.0,0.0,0.0028700607349070317,0.01129938807760111,False,1,A1,False,,0.0,
84,51000,A1,cost,43916.43692453195,0.0,43916.43692453195,True,0.3383333333333333,0.0,0.0,0.0,0.0,0.005049667436428576,0.012265338740297263,False,2,A1,False,,0.0,
85,51600,A1,cost,43885.40600546883,0.0,43885.40600546883,True,0.3383333333333333,0.0,0.0,0.0,0.0,0.0028464490821940025,0.013000089099368804,True,0,A1,False,,0.0,
86,52200,A1,cost,43820.30576781229,0.0,43820.30576781229,True,0.5333333333333333,0.0,0.0,0.0,0.0,0.0,0.013047414237671508,True,0,A1,False,,0.0,
87,52800,A1,cost,43794.96559209058,0.0,43794.96559209058,True,0.39,0.0,0.0,0.0,0.0,0.00284476698315439,0.01277118047068524,True,0,A1,False,,0.0,
88,53400,A1,cost,43794.96559209058,0.0,43794.96559209058,True,0.32166666666666666,0.0,0.0,0.0,0.0,0.006241235110759136,0.012831604279854006,False,1,A1,False,,0.0,
89,54000,A1,cost,43794.96559209058,0.0,43794.96559209058,True,0.3233333333333333,0.0,0.0,0.0,0.0,0.005610432180230163,0.014820407336848217,False,2,A1,False,,0.0,
90,54600,A1,cost,43794.96559209058,0.0,43794.96559209058,True,0.415,0.0,0.0,0.0,0.0,0.0018380529092394404,0.011710765262951513,False,3,A1,False,,0.0,
91,55200,A1,cost,43787.500872038494,0.0,43787.500872038494,True,0.37666666666666665,0.0,0.0,0.0,0.0,0.0030368020205548962,0.012360383661518037,True,0,A1,False,,0.0,
92,55800,A1,cost,43782.422998637354,0.0,43782.422998637354,True,0.525,0.0,0.0,0.0,0.0,0.0,0.01031613913616073,True,0,A1,False,,0.0,
93,56400,A1,cost,43772.352499382,0.0,43772.352499382,True,0.44333333333333336,0.0,0.0,0.0,0.0,0.0009665989693212751,0.012224104002640169,True,0,A1,False,,0.0,
94,57000,A1,cost,43769.8208652429,0.0,43769.8208652429,True,0.27666666666666667,0.0,0.0,0.0,0.0,0.005136409813751741,0.011445679019889519,True,0,A1,False,,0.0,
95,57600,A1,cost,43764.6157047858,0.0,43764.6157047858,True,0.365,0.0,0.0,0.0,0.0,0.002293611942918883,0.009793585860512218,True,0,A1,False,,0.0,
96,58200,A1,cost,43763.335826834176,0.0,43763.335826834176,True,0.48833333333333334,0.0,0.0,0.0,0.0,0.00012346426087850304,0.010078401473218859,True,0,A1,False,,0.0,
97,58800,A1,cost,43761.03118281069,0.0,43761.03118281069,True,0.4666666666666667,0.0,0.0,0.0,0.0,0.0002642143317091339,0.0089228858247749,True,0,A1,False,,0.0,
98,59400,A1,cost,43732.95624637977,0.0,43732.95624637977,True,0.58,0.0,0.0,0.0,0.0,0.0,0.012513183638877176,True,0,A1,False,,0.0,
99,60000,A1,cost,43722.48399797874,0.0,43722.48399797874,True,0.28,0.0,0.0,0.0,0.0,0.002950434315024286,0.009563925869440664,True,0,A1,False,,0.0,
100,60600,A1,cost,43714.1799134955,0.0,43714.1799134955,True,0.4583333333333333,0.0,0.0,0.0,0.0,0.00045685258527129827,0.008605043514766014,True,0,A1,False,,0.0,
101,61200,A1,cost,43707.98443773336,0.0,43707.98443773336,True,0.5666666666666667,0.0,0.0,0.0,0.0,0.0,0.007664678592127321,True,0,A1,False,,0.0,
102,61800,A1,cost,43706.4351860288,0.0,43706.4351860288,True,0.455,0.0,0.0,0.0,0.0,0.00028549480733968123,0.008202017158329744,True,0,A1,False,,0.0,
103,62400,A1,cost,43680.84977195806,0.0,43680.84977195806,True,0.2783333333333333,0.0,0.0,0.0,0.0,0.0014830967179409644,0.009097118410611437,True,0,A1,False,,0.0,
104,63000,A1,cost,43666.158189386755,0.0,43666.158189386755,True,0.46166666666666667,0.0,0.0,0.0,0.0,0.00019777252579136946,0.007454272437627839,True,0,A1,False,,0.0,
105,63600,A1,cost,43661.08487604522,0.0,43661.08487604522,True,0.43,0.0,0.0,0.0,0.0,0.000282804511976605,0.006660430945592124,True,0,A1,False,,0.0,
106,64200,A1,cost,43651.11682768625,0.0,43651.11682768625,True,0.5033333333333333,0.0,0.0,0.0,0.0,0.0,0.006684233688777309,True,0,A1,False,,0.0,
107,64800,A1,cost,43623.366645058035,0.0,43623.366645058035,True,0.5333333333333333,0.0,0.0,0.0,0.0,0.0,0.007342668821743075,True,0,A1,False,,0.0,
108,65400,A1,cost,43597.65730462742,0.0,43597.65730462742,True,0.38666666666666666,0.0,0.0,0.0,0.0,0.0004615500306536605,0.007770440598750255,True,0,A1,False,,0.0,
109,66000,A1,cost,43590.93297960951,0.0,43590.93297960951,True,0.31166666666666665,0.0,0.0,0.0,0.0,0.0007659506309101837,0.007299678479750438,True,0,A1,False,,0.0,
110,66600,A1,cost,43570.35052063268,0.0,43570.35052063268,True,0.4533333333333333,0.0,0.0,0.0,0.0,0.00013895156540998007,0.007329471402636458,True,0,A1,False,,0.0,
111,67200,A1,cost,43570.35052063268,0.0,43570.35052063268,True,0.36,0.0,0.0,0.0,0.0,0.0004756672678497553,0.007841183911555838,False,1,A1,False,,0.0,
112,67800,A1,cost,43570.35052063268,0.0,43570.35052063268,True,0.29,0.0,0.0,0.0,0.0,0.0009896379809339736,0.008361466436440186,False,2,A1,False,,0.0,
113,68400,A1,cost,43570.35052063268,0.0,43570.35052063268,True,0.23833333333333334,0.0,0.0,0.0,0.0,0.0009201455492797051,0.009041362514205493,False,3,A1,False,,0.0,
114,69000,A1,cost,43567.28546396825,0.0,43567.28546396825,True,0.29833333333333334,0.0,0.0,0.0,0.0,0.000501840228546239,0.00908203791408147,True,0,A1,False,,0.0,
115,69600,A1,cost,43564.01024277242,0.0,43564.01024277242,True,0.47,0.0,0.0,0.0,0.0,4.1967907044900465e-05,0.007841035442855372,True,0,A1,False,,0.0,
116,70200,A1,cost,43554.05824616306,0.0,43554.05824616306,True,0.39166666666666666,0.0,0.0,0.0,0.0,0.00026002168757071806,0.00792214083915152,True,0,A1,False,,0.0,
117,70800,A1,cost,43554.05824616306,0.0,43554.05824616306,True,0.4166666666666667,0.0,0.0,0.0,0.0,0.00017746697941187033,0.00827526015743257,False,1,A1,False,,0.0,
118,71400,A1,cost,43551.41153363281,0.0,43551.41153363281,True,0.39666666666666667,0.0,0.0,0.0,0.0,0.0002014217543818475,0.007855518466810592,True,0,A1,False,,0.0,
119,72000,A1,cost,43548.56778898951,0.0,43548.56778898951,True,0.32666666666666666,0.0,0.0,0.0,0.0,0.00035192854641209097,0.00705537926787823,True,0,A1,False,,0.0,
120,72600,A1,cost,43543.89589736365,0.0,43543.89589736365,True,0.4083333333333333,0.0,0.0,0.0,0.0,0.00017072047762270632,0.006196272466054659,True,0,A1,False,,0.0,
121,73200,A1,cost,43541.737767665036,0.0,43541.737767665036,True,0.395,0.0,0.0,0.0,0.0,0.0003357452377786026,0.0061565564378427,True,0,A1,False,,0.0,
122,73800,A1,cost,43541.737767665036,0.0,43541.737767665036,True,0.3283333333333333,0.0,0.0,0.0,0.0,0.0005413488743015282,0.006334924615754001,False,1,A1,False,,0.0,
123,74400,A1,cost,43536.59970369628,0.0,43536.59970369628,True,0.36,0.0,0.0,0.0,0.0,0.00023937794986152264,0.007433969055762147,True,0,A1,False,,0.0,
124,75000,A1,cost,43533.17794259048,0.0,43533.17794259048,True,0.38666666666666666,0.0,0.0,0.0,0.0,0.00020257123840252688,0.005900115319530167,True,0,A1,False,,0.0,
125,75600,A1,cost,43526.77234904644,0.0,43526.77234904644,True,0.4083333333333333,0.0,0.0,0.0,0.0,0.00017387887459931287,0.005820125613453591,True,0,A1,False,,0.0,
126,76200,A1,cost,43522.41724324734,0.0,43522.41724324734,True,0.3416666666666667,0.0,0.0,0.0,0.0,0.0007362424437023691,0.006053251234508627,True,0,A1,False,,0.0,
127,76800,A1,cost,43514.16067440825,0.0,43514.16067440825,True,0.4583333333333333,0.0,0.0,0.0,0.0,0.00015043492399773316,0.006802557655042939,True,0,A1,False,,0.0,
128,77400,A1,cost,43514.16067440825,0.0,43514.16067440825,True,0.38166666666666665,0.0,0.0,0.0,0.0,0.0003858771029214984,0.006802546605279238,False,1,A1,False,,0.0,
129,78000,A1,cost,43509.47337452001,0.0,43509.47337452001,True,0.3333333333333333,0.0,0.0,0.0,0.0,0.0012754293153259821,0.006451061046457627,True,0,A1,False,,0.0,
130,78600,A1,cost,43500.51338909445,0.0,43500.51338909445,True,0.5516666666666666,0.0,0.0,0.0,0.0,0.0,0.00650081859461114,True,0,A1,False,,0.0,
131,79200,A1,cost,43495.33077206101,0.0,43495.33077206101,True,0.4583333333333333,0.0,0.0,0.0,0.0,0.00012634701611435872,0.006938469275143407,True,0,A1,False,,0.0,
132,79800,A1,cost,43493.2396173805,0.0,43493.2396173805,True,0.35333333333333333,0.0,0.0,0.0,0.0,0.0008565492159352984,0.007057309924287745,True,0,A1,False,,0.0,
133,80400,A1,cost,43488.94146719313,0.0,43488.94146719313,True,0.4033333333333333,0.0,0.0,0.0,0.0,0.00032837241477257084,0.007761914185647635,True,0,A1,False,,0.0,
134,81000,A1,cost,43477.02203107336,0.0,43477.02203107336,True,0.455,0.0,0.0,0.0,0.0,0.00017828218968569677,0.006648574104739275,True,0,A1,False,,0.0,
135,81600,A1,cost,43469.88133717056,0.0,43469.88133717056,True,0.47,0.0,0.0,0.0,0.0,0.00018994511872979142,0.006958044841603737,True,0,A1,False,,0.0,
136,82200,A1,cost,43454.77954714073,0.0,43454.77954714073,True,0.39666666666666667,0.0,0.0,0.0,0.0,0.000551400101339213,0.006071082551061004,True,0,A1,False,,0.0,
137,82800,A1,cost,43435.22792995373,0.0,43435.22792995373,True,0.455,0.0,0.0,0.0,0.0,0.0001989481588284233,0.008160138051549453,True,0,A1,False,,0.0,
138,83400,A1,cost,43423.26469941119,0.0,43423.26469941119,True,0.565,0.0,0.0,0.0,0.0,0.0,0.007180267797327892,True,0,A1,False,,0.0,
139,84000,A1,cost,43415.05577221354,0.0,43415.05577221354,True,0.34833333333333333,0.0,0.0,0.0,0.0,0.003090262251003306,0.007903091414289689,True,0,A1,False,,0.0,
140,84600,A1,cost,43399.78534122025,0.0,43399.78534122025,True,0.365,0.0,0.0,0.0,0.0,0.002110032217801661,0.007806207908854745,True,0,A1,False,,0.0,
141,85200,A1,cost,43399.78534122025,0.0,43399.78534122025,True,0.3883333333333333,0.0,0.0,0.0,0.0,0.001219725413550421,0.008393860296226558,False,1,A1,False,,0.0,
142,85800,A1,cost,43399.78534122025,0.0,43399.78534122025,True,0.4066666666666667,0.0,0.0,0.0,0.0,0.000777596704567148,0.008818010460932252,False,2,A1,False,,0.0,
143,86400,A1,cost,43399.78534122025,0.0,43399.78534122025,True,0.31166666666666665,0.0,0.0,0.0,0.0,0.007209499279752659,0.009249233702577304,False,3,A1,False,,0.0,
144,87000,A1,cost,43397.186128747206,0.0,43397.186128747206,True,0.365,0.0,0.0,0.0,0.0,0.001491831501852836,0.0076799025343201495,True,0,A1,False,,0.0,
145,87600,A1,cost,43381.71916081519,0.0,43381.71916081519,True,0.46,0.0,0.0,0.0,0.0,0.00021361963296486766,0.006879265499002577,True,0,A1,False,,0.0,
146,88200,A1,cost,43370.6977423083,0.0,43370.6977423083,True,0.4716666666666667,0.0,0.0,0.0,0.0,7.9849473213874e-05,0.007809322107047915,True,0,A1,False,,0.0,
147,88800,A1,cost,43366.7142512447,0.0,43366.7142512447,True,0.3383333333333333,0.0,0.0,0.0,0.0,0.0027060585891858224,0.00873841927899946,True,0,A1,False,,0.0,
148,89400,A1,cost,43357.06080855618,0.0,43357.06080855618,True,0.5133333333333333,0.0,0.0,0.0,0.0,0.0,0.008028659975017817,True,0,A1,False,,0.0,
149,90000,A1,cost,43352.77133334048,0.0,43352.77133334048,True,0.5316666666666666,0.0,0.0,0.0,0.0,0.0,0.010110575457559282,True,0,A1,False,,0.0,
150,90600,A1,cost,43346.764700252505,0.0,43346.764700252505,True,0.5016666666666667,0.0,0.0,0.0,0.0,0.0,0.00821666546488395,True,0,A1,False,,0.0,
151,91200,A1,cost,43344.25430028196,0.0,43344.25430028196,True,0.2866666666666667,0.0,0.0,0.0,0.0,0.0057618364196896366,0.008864491306191158,True,0,A1,False,,0.0,
152,91800,A1,cost,43342.97893285402,0.0,43342.97893285402,True,0.52,0.0,0.0,0.0,0.0,0.0,0.009517683522002725,True,0,A1,False,,0.0,
153,92400,A1,cost,43333.29874117749,0.0,43333.29874117749,True,0.525,0.0,0.0,0.0,0.0,0.0,0.009105324588059401,True,0,A1,False,,0.0,
154,93000,A1,cost,43326.56160116498,0.0,43326.56160116498,True,0.39666666666666667,0.0,0.0,0.0,0.0,0.00046212606646556985,0.009006755762467903,True,0,A1,False,,0.0,
155,93600,A1,cost,43310.823414698956,0.0,43310.823414698956,True,0.435,0.0,0.0,0.0,0.0,0.00038339200979790416,0.008549097792548442,True,0,A1,False,,0.0,
156,94200,A1,cost,43307.07553898064,0.0,43307.07553898064,True,0.49166666666666664,0.0,0.0,0.0,0.0,3.2719813424127625e-05,0.008498766225721911,True,0,A1,False,,0.0,
157,94800,A1,cost,43290.5262486172,0.0,43290.5262486172,True,0.4533333333333333,0.0,0.0,0.0,0.0,0.0001943537475324793,0.009300746610304361,True,0,A1,False,,0.0,
158,95400,A1,cost,43279.20954428884,0.0,43279.20954428884,True,0.61,0.0,0.0,0.0,0.0,0.0,0.010074494499664681,True,0,A1,False,,0.0,
159,96000,A1,cost,43274.98666839243,0.0,43274.98666839243,True,0.5583333333333333,0.0,0.0,0.0,0.0,0.0,0.010305128391505039,True,0,A1,False,,0.0,
160,96600,A1,cost,43269.7661349876,0.0,43269.7661349876,True,0.3516666666666667,0.0,0.0,0.0,0.0,0.005031588231076656,0.01171999329932673,True,0,A1,False,,0.0,
161,97200,A1,cost,43266.3161052676,0.0,43266.3161052676,True,0.4166666666666667,0.0,0.0,0.0,0.0,0.0006174879148219089,0.012034326192811957,True,0,A1,False,,0.0,
162,97800,A1,cost,43266.3161052676,0.0,43266.3161052676,True,0.415,0.0,0.0,0.0,0.0,0.0006320887094989717,0.012615560034491631,False,1,A1,False,,0.0,
163,98400,A1,cost,43263.85508184184,0.0,43263.85508184184,True,0.44166666666666665,0.0,0.0,0.0,0.0,0.0005010892997049747,0.009783576895317732,True,0,A1,False,,0.0,
164,99000,A1,cost,43258.225691938314,0.0,43258.225691938314,True,0.43833333333333335,0.0,0.0,0.0,0.0,0.0004157956697656395,0.009349009011779846,True,0,A1,False,,0.0,
165,99600,A1,cost,43255.69485324661,0.0,43255.69485324661,True,0.42,0.0,0.0,0.0,0.0,0.0005386257555494527,0.011264121663892146,True,0,A1,False,,0.0,
166,100200,A1,cost,43253.14879856545,0.0,43253.14879856545,True,0.335,0.0,0.0,0.0,0.0,0.0024174740145791315,0.010401668873614354,True,0,A1,False,,0.0,
167,100800,A1,cost,43249.612817106565,0.0,43249.612817106565,True,0.4216666666666667,0.0,0.0,0.0,0.0,0.0005786035316189301,0.008053832649755852,True,0,A1,False,,0.0,
168,101400,A1,cost,43248.76328553454,0.0,43248.76328553454,True,0.43166666666666664,0.0,0.0,0.0,0.0,0.0005259253667388997,0.0092193526283796,True,0,A1,False,,0.0,
169,102000,A1,cost,43247.35444142787,0.0,43247.35444142787,True,0.44,0.0,0.0,0.0,0.0,0.0006414591348390026,0.010230586783127738,True,0,A1,False,,0.0,
170,102600,A1,cost,43243.80425509003,0.0,43243.80425509003,True,0.305,0.0,0.0,0.0,0.0,0.004079538446416812,0.010038689672335267,True,0,A1,False,,0.0,
171,103200,A1,cost,43241.41010214826,0.0,43241.41010214826,True,0.40166666666666667,0.0,0.0,0.0,0.0,0.0006766048859219312,0.008124042851608402,True,0,A1,False,,0.0,
172,103800,A1,cost,43235.11833557248,0.0,43235.11833557248,True,0.45166666666666666,0.0,0.0,0.0,0.0,0.0004030657398271132,0.008190774315653277,True,0,A1,False,,0.0,
173,104400,A1,cost,43229.54363079056,0.0,43229.54363079056,True,0.4116666666666667,0.0,0.0,0.0,0.0,0.0007980003529760582,0.00891612295084059,True,0,A1,False,,0.0,
174,105000,A1,cost,43221.28380089624,0.0,43221.28380089624,True,0.515,0.0,0.0,0.0,0.0,0.0,0.009331683595213865,True,0,A1,False,,0.0,
175,105600,A1,cost,43208.46985697858,0.0,43208.46985697858,True,0.525,0.0,0.0,0.0,0.0,0.0,0.009054757013977717,True,0,A1,False,,0.0,
176,106200,A1,cost,43199.41074080787,0.0,43199.41074080787,True,0.325,0.0,0.0,0.0,0.0,0.008352704224425933,0.008891798774090557,True,0,A1,False,,0.0,
177,106800,A1,cost,43199.41074080787,0.0,43199.41074080787,True,0.31166666666666665,0.0,0.0,0.0,0.0,0.0081049197790104,0.00867427524203584,False,1,A1,False,,0.0,
178,107400,A1,cost,43199.41074080787,0.0,43199.41074080787,True,0.36833333333333335,0.0,0.0,0.0,0.0,0.0024633131671619735,0.008936931243694246,False,2,A1,False,,0.0,
179,108000,A1,cost,43193.23440989396,0.0,43193.23440989396,True,0.35833333333333334,0.0,0.0,0.0,0.0,0.002648808289911579,0.010177261762014951,True,0,A1,False,,0.0,
180,108600,A1,cost,43177.354244116505,0.0,43177.354244116505,True,0.38333333333333336,0.0,0.0,0.0,0.0,0.0012560815796613944,0.008349598363953768,True,0,A1,False,,0.0,
181,109200,A1,cost,43155.46605224631,0.0,43155.46605224631,True,0.535,0.0,0.0,0.0,0.0,0.0,0.00808770563225607,True,0,A1,False,,0.0,
182,109800,A1,cost,43140.57974454078,0.0,43140.57974454078,True,0.54,0.0,0.0,0.0,0.0,0.0,0.009088175689028762,True,0,A1,False,,0.0,
183,110400,A1,cost,43123.81592597521,0.0,43123.81592597521,True,0.545,0.0,0.0,0.0,0.0,0.0,0.011179864040936361,True,0,A1,False,,0.0,
184,111000,A1,cost,43122.0269218542,0.0,43122.0269218542,True,0.33,0.0,0.0,0.0,0.0,0.0092338152547956,0.01128847555635092,True,0,A1,False,,0.0,
185,111600,A1,cost,43117.4221178776,0.0,43117.4221178776,True,0.315,0.0,0.0,0.0,0.0,0.006860863438257869,0.011809719268715931,True,0,A1,False,,0.0,
186,112200,A1,cost,43117.4221178776,0.0,43117.4221178776,True,0.4866666666666667,0.0,0.0,0.0,0.0,4.732274919652113e-05,0.011479294139800842,False,1,A1,False,,0.0,
187,112800,A1,cost,43109.33534492982,0.0,43109.33534492982,True,0.44666666666666666,0.0,0.0,0.0,0.0,0.00032320844339538786,0.012242505193207584,True,0,A1,False,,0.0,
188,113400,A1,cost,43103.60448526842,0.0,43103.60448526842,True,0.43666666666666665,0.0,0.0,0.0,0.0,0.00039791681940245144,0.010743453446826257,True,0,A1,False,,0.0,
189,114000,A1,cost,43103.00168089791,0.0,43103.00168089791,True,0.44666666666666666,0.0,0.0,0.0,0.0,0.0003398489125638153,0.010638042318003164,True,0,A1,False,,0.0,
190,114600,A1,cost,43095.203798088216,0.0,43095.203798088216,True,0.5333333333333333,0.0,0.0,0.0,0.0,0.0,0.011336437902762267,True,0,A1,False,,0.0,
191,115200,A1,cost,43088.533611705556,0.0,43088.533611705556,True,0.47833333333333333,0.0,0.0,0.0,0.0,0.0001091858238546332,0.010437610256187826,True,0,A1,False,,0.0,
192,115800,A1,cost,43084.04465183804,0.0,43084.04465183804,True,0.45,0.0,0.0,0.0,0.0,0.00013687234710015871,0.009217421015072814,True,0,A1,False,,0.0,
193,116400,A1,cost,43077.84469110709,0.0,43077.84469110709,True,0.5233333333333333,0.0,0.0,0.0,0.0,0.0,0.009691713823255559,True,0,A1,False,,0.0,
194,117000,A1,cost,43070.27877491764,0.0,43070.27877491764,True,0.5383333333333333,0.0,0.0,0.0,0.0,0.0,0.008827353560166638,True,0,A1,False,,0.0,
195,117600,A1,cost,43063.37155629892,0.0,43063.37155629892,True,0.6833333333333333,0.0,0.0,0.0,0.0,0.0,0.010491347044394424,True,0,A1,False,,0.0,
196,118200,A1,cost,43057.14578128139,0.0,43057.14578128139,True,0.435,0.0,0.0,0.0,0.0,0.0005916362792510732,0.009283009400245143,True,0,A1,False,,0.0,
197,118800,A1,cost,43049.36214895072,0.0,43049.36214895072,True,0.3933333333333333,0.0,0.0,0.0,0.0,0.002034390408248976,0.01007802935681841,True,0,A1,False,,0.0,
198,119400,A1,cost,43039.23448949223,0.0,43039.23448949223,True,0.5166666666666667,0.0,0.0,0.0,0.0,0.0,0.01175696624505416,True,0,A1,False,,0.0,
199,120000,A1,cost,43028.10457805834,0.0,43028.10457805834,True,0.59,0.0,0.0,0.0,0.0,0.0,0.010893843138496088,True,0,A1,False,,0.0,
200,120600,A1,cost,43016.2953830993,0.0,43016.2953830993,True,0.4066666666666667,0.0,0.0,0.0,0.0,0.0007670041672921771,0.009229398718903745,True,0,A1,False,,0.0,
201,121200,A1,cost,42999.628622867385,0.0,42999.628622867385,True,0.6666666666666666,0.0,0.0,0.0,0.0,0.0,0.010467501845897936,True,0,A1,False,,0.0,
202,121800,A1,cost,42986.54403673602,0.0,42986.54403673602,True,0.5883333333333334,0.0,0.0,0.0,0.0,0.0,0.01212022958484011,True,0,A1,False,,0.0,
203,122400,A1,cost,42982.30804028606,0.0,42982.30804028606,True,0.5233333333333333,0.0,0.0,0.0,0.0,0.0,0.011450420673624529,True,0,A1,False,,0.0,
204,123000,A1,cost,42971.58874284621,0.0,42971.58874284621,True,0.435,0.0,0.0,0.0,0.0,0.0003852000470014142,0.011268433130603646,True,0,A1,False,,0.0,
205,123600,A1,cost,42963.43320034688,0.0,42963.43320034688,True,0.5683333333333334,0.0,0.0,0.0,0.0,0.0,0.01169535388299903,True,0,A1,False,,0.0,
206,124200,A1,cost,42951.50218369341,0.0,42951.50218369341,True,0.51,0.0,0.0,0.0,0.0,0.0,0.009899034852233889,True,0,A1,False,,0.0,
207,124800,A1,cost,42945.10408385245,0.0,42945.10408385245,True,0.4533333333333333,0.0,0.0,0.0,0.0,0.00013668717124811397,0.01003110795021309,True,0,A1,False,,0.0,
208,125400,A1,cost,42935.95716258159,0.0,42935.95716258159,True,0.5783333333333334,0.0,0.0,0.0,0.0,0.0,0.00966542664984046,True,0,A1,False,,0.0,
209,126000,A1,cost,42926.52192459881,0.0,42926.52192459881,True,0.55,0.0,0.0,0.0,0.0,0.0,0.00949977154202103,True,0,A1,False,,0.0,
210,126600,A1,cost,42926.52192459881,0.0,42926.52192459881,True,0.435,0.0,0.0,0.0,0.0,0.000696806722003925,0.010203304846470713,False,1,A1,False,,0.0,
211,127200,A1,cost,42914.56909144041,0.0,42914.56909144041,True,0.34,0.0,0.0,0.0,0.0,0.001683945193815184,0.009246805509324047,True,0,A1,False,,0.0,
212,127800,A1,cost,42909.84463559106,0.0,42909.84463559106,True,0.37166666666666665,0.0,0.0,0.0,0.0,0.0020813990326121966,0.010327961457079399,True,0,A1,False,,0.0,
213,128400,A1,cost,42909.84463559106,0.0,42909.84463559106,True,0.27,0.0,0.0,0.0,0.0,0.012085798845948181,0.009863481868357813,False,1,A1,False,,0.0,
214,129000,A1,cost,42909.700004703,0.0,42909.700004703,True,0.44666666666666666,0.0,0.0,0.0,0.0,0.00029253848256149224,0.010279441808903446,True,0,A1,False,,0.0,
215,129600,A1,cost,42909.700004703,0.0,42909.700004703,True,0.3566666666666667,0.0,0.0,0.0,0.0,0.0029768549125814836,0.010708093479433604,False,1,A1,False,,0.0,
216,130200,A1,cost,42905.04682095988,0.0,42905.04682095988,True,0.3466666666666667,0.0,0.0,0.0,0.0,0.004096503530644169,0.009688160941977962,True,0,A1,False,,0.0,
217,130800,A1,cost,42898.77874667858,0.0,42898.77874667858,True,0.5266666666666666,0.0,0.0,0.0,0.0,0.0,0.010046726277609726,True,0,A1,False,,0.0,
218,131400,A1,cost,42896.8416059602,0.0,42896.8416059602,True,0.555,0.0,0.0,0.0,0.0,0.0,0.00855854441703219,True,0,A1,False,,0.0,
219,132000,A1,cost,42889.44598780069,0.0,42889.44598780069,True,0.54,0.0,0.0,0.0,0.0,0.0,0.009695265756892881,True,0,A1,False,,0.0,
220,132600,A1,cost,42886.362941249885,0.0,42886.362941249885,True,0.6666666666666666,0.0,0.0,0.0,0.0,0.0,0.009220162160966447,True,0,A1,False,,0.0,
221,133200,A1,cost,42884.52188015831,0.0,42884.52188015831,True,0.6266666666666667,0.0,0.0,0.0,0.0,0.0,0.008616267815807009,True,0,A1,False,,0.0,
222,133800,A1,cost,42882.017196171786,0.0,42882.017196171786,True,0.5933333333333334,0.0,0.0,0.0,0.0,0.0,0.008293509803024922,True,0,A1,False,,0.0,
223,134400,A1,cost,42878.90271741301,0.0,42878.90271741301,True,0.57,0.0,0.0,0.0,0.0,0.0,0.007941809070050272,True,0,A1,False,,0.0,
224,135000,A1,cost,42875.78118157991,0.0,42875.78118157991,True,0.63,0.0,0.0,0.0,0.0,0.0,0.008921690707249047,True,0,A1,False,,0.0,
225,135600,A1,cost,42871.68967008273,0.0,42871.68967008273,True,0.6316666666666667,0.0,0.0,0.0,0.0,0.0,0.007093520278537025,True,0,A1,False,,0.0,
226,136200,A1,cost,42868.00796052755,0.0,42868.00796052755,True,0.6266666666666667,0.0,0.0,0.0,0.0,0.0,0.008497061401017632,True,0,A1,False,,0.0,
227,136800,A1,cost,42867.93625754876,0.0,42867.93625754876,True,0.66,0.0,0.0,0.0,0.0,0.0,0.008313747062187904,True,0,A1,False,,0.0,
228,137400,A1,cost,42864.368269409766,0.0,42864.368269409766,True,0.6666666666666666,0.0,0.0,0.0,0.0,0.0,0.007291803961998427,True,0,A1,False,,0.0,
229,138000,A1,cost,42859.62063898968,0.0,42859.62063898968,True,0.6966666666666667,0.0,0.0,0.0,0.0,0.0,0.006594174150123859,True,0,A1,False,,0.0,
230,138600,A1,cost,42856.732525270294,0.0,42856.732525270294,True,0.6416666666666667,0.0,0.0,0.0,0.0,0.0,0.006981694275724093,True,0,A1,False,,0.0,
231,139200,A1,cost,42852.650072122364,0.0,42852.650072122364,True,0.565,0.0,0.0,0.0,0.0,0.0,0.006171083380449616,True,0,A1,False,,0.0,
232,139800,A1,cost,42847.026297275515,0.0,42847.026297275515,True,0.5866666666666667,0.0,0.0,0.0,0.0,0.0,0.005974668208375108,True,0,A1,False,,0.0,
233,140400,A1,cost,42842.4867481687,0.0,42842.4867481687,True,0.45,0.0,0.0,0.0,0.0,0.0001035524112367625,0.006859827220857647,True,0,A1,False,,0.0,
234,141000,A1,cost,42838.12206544347,0.0,42838.12206544347,True,0.4216666666666667,0.0,0.0,0.0,0.0,0.0003681461477967514,0.006538651433673162,True,0,A1,False,,0.0,
235,141600,A1,cost,42834.91198321341,0.0,42834.91198321341,True,0.555,0.0,0.0,0.0,0.0,0.0,0.007615081441195147,True,0,A1,False,,0.0,
236,142200,A1,cost,42829.6739068218,0.0,42829.6739068218,True,0.6316666666666667,0.0,0.0,0.0,0.0,0.0,0.008290023196683833,True,0,A1,False,,0.0,
237,142800,A1,cost,42825.68893147848,0.0,42825.68893147848,True,0.5416666666666666,0.0,0.0,0.0,0.0,0.0,0.008371430597860212,True,0,A1,False,,0.0,
238,143400,A1,cost,42823.39023736779,0.0,42823.39023736779,True,0.495,0.0,0.0,0.0,0.0,2.384662508744621e-05,0.007141351458846598,True,0,A1,False,,0.0,
239,144000,A1,cost,42810.61713468957,0.0,42810.61713468957,True,0.585,0.0,0.0,0.0,0.0,0.0,0.0071956521400575145,True,0,A1,False,,0.0,
240,144600,A1,cost,42797.41819484753,0.0,42797.41819484753,True,0.76,0.0,0.0,0.0,0.0,0.0,0.006973772222247222,True,0,A1,False,,0.0,
241,145200,A1,cost,42781.2570365473,0.0,42781.2570365473,True,0.7816666666666666,0.0,0.0,0.0,0.0,0.0,0.006982862788267669,True,0,A1,False,,0.0,
242,145800,A1,cost,42770.17026967113,0.0,42770.17026967113,True,0.735,0.0,0.0,0.0,0.0,0.0,0.0073802307771984365,True,0,A1,False,,0.0,
243,146400,A1,cost,42761.501695813844,0.0,42761.501695813844,True,0.5916666666666667,0.0,0.0,0.0,0.0,0.0,0.008926101200023866,True,0,A1,False,,0.0,
244,147000,A1,cost,42759.18829765264,0.0,42759.18829765264,True,0.5383333333333333,0.0,0.0,0.0,0.0,0.0,0.009589907587383296,True,0,A1,False,,0.0,
245,147600,A1,cost,42759.18829765264,0.0,42759.18829765264,True,0.5933333333333334,0.0,0.0,0.0,0.0,0.0,0.008757155023905734,False,1,A1,False,,0.0,
246,148200,A1,cost,42750.401005742184,0.0,42750.401005742184,True,0.565,0.0,0.0,0.0,0.0,0.0,0.008575352602607826,True,0,A1,False,,0.0,
247,148800,A1,cost,42746.78889991957,0.0,42746.78889991957,True,0.52,0.0,0.0,0.0,0.0,0.0,0.007782250922011482,True,0,A1,False,,0.0,
248,149400,A1,cost,42735.692109850934,0.0,42735.692109850934,True,0.6166666666666667,0.0,0.0,0.0,0.0,0.0,0.009417935464886404,True,0,A1,False,,0.0,
249,150000,A1,cost,42728.278260485786,0.0,42728.278260485786,True,0.5016666666666667,0.0,0.0,0.0,0.0,0.0,0.00791191719842711,True,0,A1,False,,0.0,
250,150600,A1,cost,42715.8039052218,0.0,42715.8039052218,True,0.6383333333333333,0.0,0.0,0.0,0.0,0.0,0.008003023490302078,True,0,A1,False,,0.0,
251,151200,A1,cost,42694.87233499873,0.0,42694.87233499873,True,0.6583333333333333,0.0,0.0,0.0,0.0,0.0,0.009902283152907816,True,0,A1,False,,0.0,
252,151800,A1,cost,42690.074951350674,0.0,42690.074951350674,True,0.5983333333333334,0.0,0.0,0.0,0.0,0.0,0.01075878609029712,True,0,A1,False,,0.0,
253,152400,A1,cost,42690.074951350674,0.0,42690.074951350674,True,0.43166666666666664,0.0,0.0,0.0,0.0,0.00022950163428208845,0.01114728316275913,False,1,A1,False,,0.0,
254,153000,A1,cost,42685.42035323946,0.0,42685.42035323946,True,0.4216666666666667,0.0,0.0,0.0,0.0,0.0004696536461089214,0.010023989616285795,True,0,A1,False,,0.0,
255,153600,A1,cost,42679.874683894566,0.0,42679.874683894566,True,0.6,0.0,0.0,0.0,0.0,0.0,0.009113312277665863,True,0,A1,False,,0.0,
256,154200,A1,cost,42675.145936521854,0.0,42675.145936521854,True,0.5833333333333334,0.0,0.0,0.0,0.0,0.0,0.009216087470647012,True,0,A1,False,,0.0,
257,154800,A1,cost,42668.33067612825,0.0,42668.33067612825,True,0.6216666666666667,0.0,0.0,0.0,0.0,0.0,0.008911176553575663,True,0,A1,False,,0.0,
258,155400,A1,cost,42660.8546910711,0.0,42660.8546910711,True,0.6466666666666666,0.0,0.0,0.0,0.0,0.0,0.00897076244353206,True,0,A1,False,,0.0,
259,156000,A1,cost,42651.02805365207,0.0,42651.02805365207,True,0.5316666666666666,0.0,0.0,0.0,0.0,0.0,0.01000265502735871,True,0,A1,False,,0.0,
260,156600,A1,cost,42643.22087253738,0.0,42643.22087253738,True,0.7283333333333334,0.0,0.0,0.0,0.0,0.0,0.009294366943726302,True,0,A1,False,,0.0,
261,157200,A1,cost,42639.49153930322,0.0,42639.49153930322,True,0.665,0.0,0.0,0.0,0.0,0.0,0.009411927530388603,True,0,A1,False,,0.0,
262,157800,A1,cost,42639.49153930322,0.0,42639.49153930322,True,0.6016666666666667,0.0,0.0,0.0,0.0,0.0,0.008940658488310849,False,1,A1,False,,0.0,
263,158400,A1,cost,42634.69414347985,0.0,42634.69414347985,True,0.5433333333333333,0.0,0.0,0.0,0.0,0.0,0.009608547587411606,True,0,A1,False,,0.0,
264,159000,A1,cost,42632.57152196874,0.0,42632.57152196874,True,0.6616666666666666,0.0,0.0,0.0,0.0,0.0,0.008667034111704884,True,0,A1,False,,0.0,
265,159600,A1,cost,42630.361012239184,0.0,42630.361012239184,True,0.6833333333333333,0.0,0.0,0.0,0.0,0.0,0.008565028143659037,True,0,A1,False,,0.0,
266,160200,A1,cost,42626.45904486001,0.0,42626.45904486001,True,0.635,0.0,0.0,0.0,0.0,0.0,0.008103289972583543,True,0,A1,False,,0.0,
267,160800,A1,cost,42623.17426515168,0.0,42623.17426515168,True,0.6483333333333333,0.0,0.0,0.0,0.0,0.0,0.007776770918928824,True,0,A1,False,,0.0,
268,161400,A1,cost,42617.5021889519,0.0,42617.5021889519,True,0.6933333333333334,0.0,0.0,0.0,0.0,0.0,0.007085984061381261,True,0,A1,False,,0.0,
269,162000,A1,cost,42612.67984211215,0.0,42612.67984211215,True,0.66,0.0,0.0,0.0,0.0,0.0,0.0074495821007728525,True,0,A1,False,,0.0,
270,162600,A1,cost,42607.494812583645,0.0,42607.494812583645,True,0.6483333333333333,0.0,0.0,0.0,0.0,0.0,0.007630162341897649,True,0,A1,False,,0.0,
271,163200,A1,cost,42603.33984836237,0.0,42603.33984836237,True,0.7816666666666666,0.0,0.0,0.0,0.0,0.0,0.007224623866347143,True,0,A1,False,,0.0,
272,163800,A1,cost,42595.073988887416,0.0,42595.073988887416,True,0.8516666666666667,0.0,0.0,0.0,0.0,0.0,0.007067304680603135,True,0,A1,False,,0.0,
273,164400,A1,cost,42594.08674741134,0.0,42594.08674741134,True,0.6866666666666666,0.0,0.0,0.0,0.0,0.0,0.00695059591398845,True,0,A1,False,,0.0,
274,165000,A1,cost,42593.413912825716,0.0,42593.413912825716,True,0.44333333333333336,0.0,0.0,0.0,0.0,0.00012585665754922816,0.007826778863062996,True,0,A1,False,,0.0,
275,165600,A1,cost,42590.84939897488,0.0,42590.84939897488,True,0.5933333333333334,0.0,0.0,0.0,0.0,0.0,0.008047247929044248,True,0,A1,False,,0.0,
276,166200,A1,cost,42590.03280556495,0.0,42590.03280556495,True,0.655,0.0,0.0,0.0,0.0,0.0,0.0062718783991477164,True,0,A1,False,,0.0,
277,166800,A1,cost,42588.92307838058,0.0,42588.92307838058,True,0.6366666666666667,0.0,0.0,0.0,0.0,0.0,0.006514886292054657,True,0,A1,False,,0.0,
278,167400,A1,cost,42587.836389070675,0.0,42587.836389070675,True,0.535,0.0,0.0,0.0,0.0,0.0,0.006324072819189851,True,0,A1,False,,0.0,
279,168000,A1,cost,42585.632328887514,0.0,42585.632328887514,True,0.6333333333333333,0.0,0.0,0.0,0.0,0.0,0.006541012297422381,True,0,A1,False,,0.0,
280,168600,A1,cost,42583.57600917931,0.0,42583.57600917931,True,0.6133333333333333,0.0,0.0,0.0,0.0,0.0,0.005682082792668578,True,0,A1,False,,0.0,
281,169200,A1,cost,42580.27046613845,0.0,42580.27046613845,True,0.615,0.0,0.0,0.0,0.0,0.0,0.005626586064348638,True,0,A1,False,,0.0,
282,169800,A1,cost,42578.4134183136,0.0,42578.4134183136,True,0.6416666666666667,0.0,0.0,0.0,0.0,0.0,0.005897077395066202,True,0,A1,False,,0.0,
283,170400,A1,cost,42577.449437913856,0.0,42577.449437913856,True,0.5583333333333333,0.0,0.0,0.0,0.0,0.0,0.006190081638293987,True,0,A1,False,,0.0,
284,171000,A1,cost,42576.30647344525,0.0,42576.30647344525,True,0.5866666666666667,0.0,0.0,0.0,0.0,0.0,0.005907121080476736,True,0,A1,False,,0.0,
285,171600,A1,cost,42575.55747243726,0.0,42575.55747243726,True,0.6466666666666666,0.0,0.0,0.0,0.0,0.0,0.005916661462940887,True,0,A1,False,,0.0,
286,172200,A1,cost,42574.825042000084,0.0,42574.825042000084,True,0.63,0.0,0.0,0.0,0.0,0.0,0.005649941002667785,True,0,A1,False,,0.0,
287,172800,A1,cost,42572.73842571291,0.0,42572.73842571291,True,0.635,0.0,0.0,0.0,0.0,0.0,0.004868615182887246,True,0,A1,False,,0.0,
288,173400,A1,cost,42570.51581059028,0.0,42570.51581059028,True,0.6766666666666666,0.0,0.0,0.0,0.0,0.0,0.004912330176508376,True,0,A1,False,,0.0,
289,174000,A1,cost,42568.647163779555,0.0,42568.647163779555,True,0.6366666666666667,0.0,0.0,0.0,0.0,0.0,0.005378223841488034,True,0,A1,False,,0.0,
290,174600,A1,cost,42568.39734061799,0.0,42568.39734061799,True,0.6566666666666666,0.0,0.0,0.0,0.0,0.0,0.005368240208294483,True,0,A1,False,,0.0,
291,175200,A1,cost,42566.28965697933,0.0,42566.28965697933,True,0.735,0.0,0.0,0.0,0.0,0.0,0.005951309628618568,True,0,A1,False,,0.0,
292,175800,A1,cost,42564.80064883965,0.0,42564.80064883965,True,0.69,0.0,0.0,0.0,0.0,0.0,0.0056904279528461705,True,0,A1,False,,0.0,
293,176400,A1,cost,42564.25244618835,0.0,42564.25244618835,True,0.6533333333333333,0.0,0.0,0.0,0.0,0.0,0.004920861486205824,True,0,A1,False,,0.0,
294,177000,A1,cost,42562.77143414336,0.0,42562.77143414336,True,0.66,0.0,0.0,0.0,0.0,0.0,0.004538098934889208,True,0,A1,False,,0.0,
295,177600,A1,cost,42561.412727756935,0.0,42561.412727756935,True,0.7116666666666667,0.0,0.0,0.0,0.0,0.0,0.004756671853918371,True,0,A1,False,,0.0,
296,178200,A1,cost,42560.340110044956,0.0,42560.340110044956,True,0.6533333333333333,0.0,0.0,0.0,0.0,0.0,0.004999187431458174,True,0,A1,False,,0.0,
297,178800,A1,cost,42558.73543751386,0.0,42558.73543751386,True,0.7266666666666667,0.0,0.0,0.0,0.0,0.0,0.004661147587272439,True,0,A1,False,,0.0,
298,179400,A1,cost,42557.62792469348,0.0,42557.62792469348,True,0.64,0.0,0.0,0.0,0.0,0.0,0.004986674851284495,True,0,A1,False,,0.0,
299,180000,A1,cost,42556.607869504136,0.0,42556.607869504136,True,0.6766666666666666,0.0,0.0,0.0,0.0,0.0,0.004470797684899172,True,0,A1,False,,0.0,
300,180600,A1,cost,42556.02277946449,0.0,42556.02277946449,True,0.7083333333333334,0.0,0.0,0.0,0.0,0.0,0.0047151801163865786,True,0,A1,False,,0.0,
301,181200,A1,cost,42554.03996962339,0.0,42554.03996962339,True,0.6866666666666666,0.0,0.0,0.0,0.0,0.0,0.004874818743007172,True,0,A1,False,,0.0,
302,181800,A1,cost,42553.62651801349,0.0,42553.62651801349,True,0.6366666666666667,0.0,0.0,0.0,0.0,0.0,0.004551647129486243,True,0,A1,False,,0.0,
303,182400,A1,cost,42552.02982436822,0.0,42552.02982436822,True,0.6766666666666666,0.0,0.0,0.0,0.0,0.0,0.004667767178756598,True,0,A1,False,,0.0,
304,183000,A1,cost,42550.23975102726,0.0,42550.23975102726,True,0.63,0.0,0.0,0.0,0.0,0.0,0.003860004340491151,True,0,A1,False,,0.0,
305,183600,A1,cost,42547.68994523892,0.0,42547.68994523892,True,0.705,0.0,0.0,0.0,0.0,0.0,0.004072962469667272,True,0,A1,False,,0.0,
306,184200,A1,cost,42546.54202364318,0.0,42546.54202364318,True,0.67,0.0,0.0,0.0,0.0,0.0,0.004208680500405768,True,0,A1,False,,0.0,
307,184800,A1,cost,42545.12380127382,0.0,42545.12380127382,True,0.525,0.0,0.0,0.0,0.0,0.0,0.0043173244128315025,True,0,A1,False,,0.0,
308,185400,A1,cost,42544.524180652836,0.0,42544.524180652836,True,0.58,0.0,0.0,0.0,0.0,0.0,0.004159091036574167,True,0,A1,False,,0.0,
309,186000,A1,cost,42543.89470449309,0.0,42543.89470449309,True,0.6133333333333333,0.0,0.0,0.0,0.0,0.0,0.0038275534974741656,True,0,A1,False,,0.0,
310,186600,A1,cost,42541.54213140356,0.0,42541.54213140356,True,0.6483333333333333,0.0,0.0,0.0,0.0,0.0,0.003795214138552732,True,0,A1,False,,0.0,
311,187200,A1,cost,42541.0662874986,0.0,42541.0662874986,True,0.595,0.0,0.0,0.0,0.0,0.0,0.003890638955917361,True,0,A1,False,,0.0,
312,187800,A1,cost,42538.30838571521,0.0,42538.30838571521,True,0.59,0.0,0.0,0.0,0.0,0.0,0.003840043308333472,True,0,A1,False,,0.0,
313,188400,A1,cost,42537.04911777176,0.0,42537.04911777176,True,0.575,0.0,0.0,0.0,0.0,0.0,0.003527047739544411,True,0,A1,False,,0.0,
314,189000,A1,cost,42534.687342188234,0.0,42534.687342188234,True,0.6366666666666667,0.0,0.0,0.0,0.0,0.0,0.0037963248873077566,True,0,A1,False,,0.0,
315,189600,A1,cost,42532.7482040184,0.0,42532.7482040184,True,0.6266666666666667,0.0,0.0,0.0,0.0,0.0,0.0034135230716894134,True,0,A1,False,,0.0,
316,190200,A1,cost,42530.19470074236,0.0,42530.19470074236,True,0.6733333333333333,0.0,0.0,0.0,0.0,0.0,0.003801307616761132,True,0,A1,False,,0.0,
317,190800,A1,cost,42529.47949524195,0.0,42529.47949524195,True,0.5366666666666666,0.0,0.0,0.0,0.0,0.0,0.004217984331670508,True,0,A1,False,,0.0,
318,191400,A1,cost,42529.35965867415,0.0,42529.35965867415,True,0.57,0.0,0.0,0.0,0.0,0.0,0.004332725279241498,True,0,A1,False,,0.0,
319,192000,A1,cost,42528.62245063682,0.0,42528.62245063682,True,0.5933333333333334,0.0,0.0,0.0,0.0,0.0,0.004520850765572935,True,0,A1,False,,0.0,
320,192600,A1,cost,42527.38858595115,0.0,42527.38858595115,True,0.6533333333333333,0.0,0.0,0.0,0.0,0.0,0.004259537546712731,True,0,A1,False,,0.0,
321,193200,A1,cost,42525.514628282195,0.0,42525.514628282195,True,0.5816666666666667,0.0,0.0,0.0,0.0,0.0,0.004244489320664485,True,0,A1,False,,0.0,
322,193800,A1,cost,42524.91117206578,0.0,42524.91117206578,True,0.53,0.0,0.0,0.0,0.0,0.0,0.003887915017262656,True,0,A1,False,,0.0,
323,194400,A1,cost,42523.79922696974,0.0,42523.79922696974,True,0.5716666666666667,0.0,0.0,0.0,0.0,0.0,0.004033251805308183,True,0,A1,False,,0.0,
324,195000,A1,cost,42522.902505735154,0.0,42522.902505735154,True,0.675,0.0,0.0,0.0,0.0,0.0,0.003770184634521477,True,0,A1,False,,0.0,
325,195600,A1,cost,42521.1673577321,0.0,42521.1673577321,True,0.6433333333333333,0.0,0.0,0.0,0.0,0.0,0.003962066170512909,True,0,A1,False,,0.0,
326,196200,A1,cost,42520.53940933877,0.0,42520.53940933877,True,0.565,0.0,0.0,0.0,0.0,0.0,0.003824084749163704,True,0,A1,False,,0.0,
327,196800,A1,cost,42520.20672424762,0.0,42520.20672424762,True,0.5533333333333333,0.0,0.0,0.0,0.0,0.0,0.003878886072630275,True,0,A1,False,,0.0,
328,197400,A1,cost,42520.04796474141,0.0,42520.04796474141,True,0.6183333333333333,0.0,0.0,0.0,0.0,0.0,0.003871720052737867,True,0,A1,False,,0.0,
329,198000,A1,cost,42519.18210187704,0.0,42519.18210187704,True,0.625,0.0,0.0,0.0,0.0,0.0,0.003640969852035881,True,0,A1,False,,0.0,
330,198600,A1,cost,42518.077539020414,0.0,42518.077539020414,True,0.575,0.0,0.0,0.0,0.0,0.0,0.0032881180071591787,True,0,A1,False,,0.0,
331,199200,A1,cost,42517.378017601215,0.0,42517.378017601215,True,0.5566666666666666,0.0,0.0,0.0,0.0,0.0,0.0034977430706194515,True,0,A1,False,,0.0,
332,199800,A1,cost,42515.04287618371,0.0,42515.04287618371,True,0.6766666666666666,0.0,0.0,0.0,0.0,0.0,0.003678345228019861,True,0,A1,False,,0.0,
333,200400,A1,cost,42514.43361368705,0.0,42514.43361368705,True,0.5183333333333333,0.0,0.0,0.0,0.0,0.0,0.0039216488672582156,True,0,A1,False,,0.0,
334,201000,A1,cost,42513.25636454384,0.0,42513.25636454384,True,0.49,0.0,0.0,0.0,0.0,1.6717643572672357e-05,0.003427689826703577,True,0,A1,False,,0.0,
335,201600,A1,cost,42512.99559758477,0.0,42512.99559758477,True,0.485,0.0,0.0,0.0,0.0,1.805712337459298e-05,0.0038228820507827635,True,0,A1,False,,0.0,
336,202200,A1,cost,42512.24909183868,0.0,42512.24909183868,True,0.5033333333333333,0.0,0.0,0.0,0.0,0.0,0.003899993053105993,True,0,A1,False,,0.0,
337,202800,A1,cost,42511.82740237482,0.0,42511.82740237482,True,0.49666666666666665,0.0,0.0,0.0,0.0,6.959215585252328e-06,0.004004616198157303,True,0,A1,False,,0.0,
338,203400,A1,cost,42511.82740237482,0.0,42511.82740237482,True,0.4483333333333333,0.0,0.0,0.0,0.0,5.207784389353876e-05,0.003917289304180966,False,1,A1,False,,0.0,
339,204000,A1,cost,42511.82740237482,0.0,42511.82740237482,True,0.4866666666666667,0.0,0.0,0.0,0.0,1.0972420301591514e-05,0.0035382956134746043,False,2,A1,False,,0.0,
340,204600,A1,cost,42511.82740237482,0.0,42511.82740237482,True,0.465,0.0,0.0,0.0,0.0,3.202622847637097e-05,0.003458133318657522,False,3,A1,False,,0.0,
341,205200,A1,cost,42511.59099378092,0.0,42511.59099378092,True,0.4766666666666667,0.0,0.0,0.0,0.0,1.4022709701085508e-05,0.003063178758715328,True,0,A1,False,,0.0,
342,205800,A1,cost,42511.56971856285,0.0,42511.56971856285,True,0.5366666666666666,0.0,0.0,0.0,0.0,0.0,0.0035787394150525948,True,0,A1,False,,0.0,
343,206400,A1,cost,42511.06718920289,0.0,42511.06718920289,True,0.49333333333333335,0.0,0.0,0.0,0.0,4.901303542492741e-06,0.003113344638864285,True,0,A1,False,,0.0,
344,207000,A1,cost,42510.987956124656,0.0,42510.987956124656,True,0.4266666666666667,0.0,0.0,0.0,0.0,8.86735639375876e-05,0.0031141612360557377,True,0,A1,False,,0.0,
345,207600,A1,cost,42510.87314862142,0.0,42510.87314862142,True,0.46166666666666667,0.0,0.0,0.0,0.0,3.1634123917386364e-05,0.0026401984027080994,True,0,A1,False,,0.0,
346,208200,A1,cost,42510.70169822512,0.0,42510.70169822512,True,0.5416666666666666,0.0,0.0,0.0,0.0,0.0,0.0028009481937236926,True,0,A1,False,,0.0,
347,208800,A1,cost,42510.1201733145,0.0,42510.1201733145,True,0.5783333333333334,0.0,0.0,0.0,0.0,0.0,0.0029368855682800066,True,0,A1,False,,0.0,
348,209400,A1,cost,42509.11312035864,0.0,42509.11312035864,True,0.54,0.0,0.0,0.0,0.0,0.0,0.0025548645905078154,True,0,A1,False,,0.0,
349,210000,A1,cost,42508.94432339625,0.0,42508.94432339625,True,0.4116666666666667,0.0,0.0,0.0,0.0,6.872244013358397e-05,0.002761187969431497,True,0,A1,False,,0.0,
350,210600,A1,cost,42508.7595050748,0.0,42508.7595050748,True,0.545,0.0,0.0,0.0,0.0,0.0,0.0027147617453772304,True,0,A1,False,,0.0,
351,211200,A1,cost,42508.34404723511,0.0,42508.34404723511,True,0.5166666666666667,0.0,0.0,0.0,0.0,0.0,0.0030312057165186885,True,0,A1,False,,0.0,
352,211800,A1,cost,42507.385537712165,0.0,42507.385537712165,True,0.5316666666666666,0.0,0.0,0.0,0.0,0.0,0.002870145817118054,True,0,A1,False,,0.0,
353,212400,A1,cost,42507.18379877102,0.0,42507.18379877102,True,0.5,0.0,0.0,0.0,0.0,1.8703057440561112e-07,0.002605795871710788,True,0,A1,False,,0.0,
354,213000,A1,cost,42506.19223556228,0.0,42506.19223556228,True,0.605,0.0,0.0,0.0,0.0,0.0,0.002572053914339601,True,0,A1,False,,0.0,
355,213600,A1,cost,42504.56133429881,0.0,42504.56133429881,True,0.5466666666666666,0.0,0.0,0.0,0.0,0.0,0.002656248816209735,True,0,A1,False,,0.0,
356,214200,A1,cost,42504.25899028416,0.0,42504.25899028416,True,0.5,0.0,0.0,0.0,0.0,3.781064692158035e-07,0.002766347255420411,True,0,A1,False,,0.0,
357,214800,A1,cost,42502.94483257219,0.0,42502.94483257219,True,0.595,0.0,0.0,0.0,0.0,0.0,0.0025824335557774,True,0,A1,False,,0.0,
358,215400,A1,cost,42502.94483257219,0.0,42502.94483257219,True,0.51,0.0,0.0,0.0,0.0,0.0,0.0029694835637523007,False,1,A1,False,,0.0,
359,216000,A1,cost,42502.87043079153,0.0,42502.87043079153,True,0.5483333333333333,0.0,0.0,0.0,0.0,0.0,0.0027757135354594745,True,0,A1,False,,0.0,
360,216600,A1,cost,42502.87043079153,0.0,42502.87043079153,True,0.55,0.0,0.0,0.0,0.0,0.0,0.002877387964910182,False,1,A1,False,,0.0,
361,217200,A1,cost,42502.67735373308,0.0,42502.67735373308,True,0.5766666666666667,0.0,0.0,0.0,0.0,0.0,0.0024828274782399623,True,0,A1,False,,0.0,
362,217800,A1,cost,42502.67615201292,0.0,42502.67615201292,True,0.5633333333333334,0.0,0.0,0.0,0.0,0.0,0.0024122647752355575,True,0,A1,False,,0.0,
363,218400,A1,cost,42502.49732577666,0.0,42502.49732577666,True,0.58,0.0,0.0,0.0,0.0,0.0,0.002364021748864702,True,0,A1,False,,0.0,
364,219000,A1,cost,42502.26206418237,0.0,42502.26206418237,True,0.5233333333333333,0.0,0.0,0.0,0.0,0.0,0.0022423171209344514,True,0,A1,False,,0.0,
365,219600,A1,cost,42502.26206418237,0.0,42502.26206418237,True,0.5266666666666666,0.0,0.0,0.0,0.0,0.0,0.002156970546576943,False,1,A1,False,,0.0,
366,220200,A1,cost,42502.04502198635,0.0,42502.04502198635,True,0.5083333333333333,0.0,0.0,0.0,0.0,0.0,0.002006162623071019,True,0,A1,False,,0.0,
367,220800,A1,cost,42501.25175100517,0.0,42501.25175100517,True,0.605,0.0,0.0,0.0,0.0,0.0,0.002062127377745435,True,0,A1,False,,0.0,
368,221400,A1,cost,42501.2030846055,0.0,42501.2030846055,True,0.495,0.0,0.0,0.0,0.0,5.513140938114465e-06,0.0019441568615821145,True,0,A1,False,,0.0,
369,222000,A1,cost,42500.778189839206,0.0,42500.778189839206,True,0.5966666666666667,0.0,0.0,0.0,0.0,0.0,0.0020305898493109212,True,0,A1,False,,0.0,
370,222600,A1,cost,42500.377947756875,0.0,42500.377947756875,True,0.665,0.0,0.0,0.0,0.0,0.0,0.002094622478780188,True,0,A1,False,,0.0,
371,223200,A1,cost,42499.99986488775,0.0,42499.99986488775,True,0.5033333333333333,0.0,0.0,0.0,0.0,0.0,0.0022164784396754896,True,0,A1,False,,0.0,
372,223800,A1,cost,42499.509379001414,0.0,42499.509379001414,True,0.5683333333333334,0.0,0.0,0.0,0.0,0.0,0.001891883453505235,True,0,A1,False,,0.0,
373,224400,A1,cost,42499.054331220366,0.0,42499.054331220366,True,0.665,0.0,0.0,0.0,0.0,0.0,0.002406356578537145,True,0,A1,False,,0.0,
374,225000,A1,cost,42498.62468758744,0.0,42498.62468758744,True,0.6483333333333333,0.0,0.0,0.0,0.0,0.0,0.002166484851849239,True,0,A1,False,,0.0,
375,225600,A1,cost,42498.19507755954,0.0,42498.19507755954,True,0.635,0.0,0.0,0.0,0.0,0.0,0.0019236538511377078,True,0,A1,False,,0.0,
376,226200,A1,cost,42497.929279829725,0.0,42497.929279829725,True,0.6183333333333333,0.0,0.0,0.0,0.0,0.0,0.002053495012585659,True,0,A1,False,,0.0,
377,226800,A1,cost,42497.244105210724,0.0,42497.244105210724,True,0.5333333333333333,0.0,0.0,0.0,0.0,0.0,0.001838083123859841,True,0,A1,False,,0.0,
378,227400,A1,cost,42496.60492940056,0.0,42496.60492940056,True,0.6416666666666667,0.0,0.0,0.0,0.0,0.0,0.0018992109041043358,True,0,A1,False,,0.0,
379,228000,A1,cost,42496.592779987805,0.0,42496.592779987805,True,0.585,0.0,0.0,0.0,0.0,0.0,0.002033309967661719,True,0,A1,False,,0.0,
380,228600,A1,cost,42496.09050599984,0.0,42496.09050599984,True,0.54,0.0,0.0,0.0,0.0,0.0,0.0021999631875332013,True,0,A1,False,,0.0,
381,229200,A1,cost,42495.76496101571,0.0,42495.76496101571,True,0.5133333333333333,0.0,0.0,0.0,0.0,0.0,0.0019902007374382443,True,0,A1,False,,0.0,
382,229800,A1,cost,42494.78580523725,0.0,42494.78580523725,True,0.6266666666666667,0.0,0.0,0.0,0.0,0.0,0.002031602350556447,True,0,A1,False,,0.0,
383,230400,A1,cost,42494.18000773042,0.0,42494.18000773042,True,0.5766666666666667,0.0,0.0,0.0,0.0,0.0,0.0022977456339613425,True,0,A1,False,,0.0,
384,231000,A1,cost,42493.948051105726,0.0,42493.948051105726,True,0.445,0.0,0.0,0.0,0.0,3.053364787136322e-05,0.0019191880130022276,True,0,A1,False,,0.0,
385,231600,A1,cost,42493.617349541484,0.0,42493.617349541484,True,0.58,0.0,0.0,0.0,0.0,0.0,0.0018880020083473842,True,0,A1,False,,0.0,
386,232200,A1,cost,42493.617349541484,0.0,42493.617349541484,True,0.6516666666666666,0.0,0.0,0.0,0.0,0.0,0.0024169523923150108,False,1,A1,False,,0.0,
387,232800,A1,cost,42493.37327213921,0.0,42493.37327213921,True,0.575,0.0,0.0,0.0,0.0,0.0,0.002370051035740245,True,0,A1,False,,0.0,
388,233400,A1,cost,42493.235255926746,0.0,42493.235255926746,True,0.5683333333333334,0.0,0.0,0.0,0.0,0.0,0.0018890651606029091,True,0,A1,False,,0.0,
389,234000,A1,cost,42493.09866617453,0.0,42493.09866617453,True,0.5816666666666667,0.0,0.0,0.0,0.0,0.0,0.0017534099598300378,True,0,A1,False,,0.0,
390,234600,A1,cost,42492.596588036,0.0,42492.596588036,True,0.5183333333333333,0.0,0.0,0.0,0.0,0.0,0.0017584464451502167,True,0,A1,False,,0.0,
391,235200,A1,cost,42492.40635445528,0.0,42492.40635445528,True,0.54,0.0,0.0,0.0,0.0,0.0,0.0016402207202059146,True,0,A1,False,,0.0,
392,235800,A1,cost,42492.36008862047,0.0,42492.36008862047,True,0.5716666666666667,0.0,0.0,0.0,0.0,0.0,0.001618997664024233,True,0,A1,False,,0.0,
393,236400,A1,cost,42492.11032424615,0.0,42492.11032424615,True,0.6483333333333333,0.0,0.0,0.0,0.0,0.0,0.0017151632629893061,True,0,A1,False,,0.0,
394,237000,A1,cost,42491.820647941146,0.0,42491.820647941146,True,0.5333333333333333,0.0,0.0,0.0,0.0,0.0,0.0017439914217976535,True,0,A1,False,,0.0,
395,237600,A1,cost,42491.820647941146,0.0,42491.820647941146,True,0.415,0.0,0.0,0.0,0.0,7.156003844519532e-05,0.001499462942238374,False,1,A1,False,,0.0,
396,238200,A1,cost,42491.70237359745,0.0,42491.70237359745,True,0.515,0.0,0.0,0.0,0.0,0.0,0.001373380765075557,True,0,A1,False,,0.0,
397,238800,A1,cost,42491.678224963005,0.0,42491.678224963005,True,0.5966666666666667,0.0,0.0,0.0,0.0,0.0,0.0014428245027276346,True,0,A1,False,,0.0,
398,239400,A1,cost,42491.55705228387,0.0,42491.55705228387,True,0.6066666666666667,0.0,0.0,0.0,0.0,0.0,0.0014541915795603555,True,0,A1,False,,0.0,
399,240000,A1,cost,42491.41774603863,0.0,42491.41774603863,True,0.5733333333333334,0.0,0.0,0.0,0.0,0.0,0.0014423312854979285,True,0,A1,False,,0.0,
400,240600,A1,cost,42491.15184526235,0.0,42491.15184526235,True,0.4683333333333333,0.0,0.0,0.0,0.0,1.0736902586572228e-05,0.0013289351362861725,True,0,A1,False,,0.0,
401,241200,A1,cost,42490.92250033981,0.0,42490.92250033981,True,0.55,0.0,0.0,0.0,0.0,0.0,0.0015050042964932656,True,0,A1,False,,0.0,
402,241800,A1,cost,42490.5537202298,0.0,42490.5537202298,True,0.615,0.0,0.0,0.0,0.0,0.0,0.0012281889381817995,True,0,A1,False,,0.0,
403,242400,A1,cost,42490.20742699414,0.0,42490.20742699414,True,0.6416666666666667,0.0,0.0,0.0,0.0,0.0,0.0013056312102061951,True,0,A1,False,,0.0,
404,243000,A1,cost,42489.89481830302,0.0,42489.89481830302,True,0.6583333333333333,0.0,0.0,0.0,0.0,0.0,0.0012262504114749296,True,0,A1,False,,0.0,
405,243600,A1,cost,42489.541632950364,0.0,42489.541632950364,True,0.7083333333333334,0.0,0.0,0.0,0.0,0.0,0.0012764480174874138,True,0,A1,False,,0.0,
406,244200,A1,cost,42489.29770526615,0.0,42489.29770526615,True,0.6266666666666667,0.0,0.0,0.0,0.0,0.0,0.001458603214248932,True,0,A1,False,,0.0,
407,244800,A1,cost,42489.08297278508,0.0,42489.08297278508,True,0.5466666666666666,0.0,0.0,0.0,0.0,0.0,0.0016118294385693947,True,0,A1,False,,0.0,
408,245400,A1,cost,42489.036920632556,0.0,42489.036920632556,True,0.6033333333333334,0.0,0.0,0.0,0.0,0.0,0.0016259904236107761,True,0,A1,False,,0.0,
409,246000,A1,cost,42489.036920632556,0.0,42489.036920632556,True,0.6516666666666666,0.0,0.0,0.0,0.0,0.0,0.0018726195313733753,False,1,A1,False,,0.0,
410,246600,A1,cost,42488.84360312139,0.0,42488.84360312139,True,0.6683333333333333,0.0,0.0,0.0,0.0,0.0,0.0015726481816771018,True,0,A1,False,,0.0,
411,247200,A1,cost,42488.80371224841,0.0,42488.80371224841,True,0.64,0.0,0.0,0.0,0.0,0.0,0.001460535114338559,True,0,A1,False,,0.0,
412,247800,A1,cost,42488.558875781826,0.0,42488.558875781826,True,0.73,0.0,0.0,0.0,0.0,0.0,0.0014533066619667118,True,0,A1,False,,0.0,
413,248400,A1,cost,42488.4709803035,0.0,42488.4709803035,True,0.6366666666666667,0.0,0.0,0.0,0.0,0.0,0.0013363114005252891,True,0,A1,False,,0.0,
414,249000,A1,cost,42488.298034068685,0.0,42488.298034068685,True,0.7,0.0,0.0,0.0,0.0,0.0,0.0013408363188343402,True,0,A1,False,,0.0,
415,249600,A1,cost,42488.01237796565,0.0,42488.01237796565,True,0.705,0.0,0.0,0.0,0.0,0.0,0.0012194167593721026,True,0,A1,False,,0.0,
416,250200,A1,cost,42487.823605125835,0.0,42487.823605125835,True,0.735,0.0,0.0,0.0,0.0,0.0,0.0011395062206543173,True,0,A1,False,,0.0,
417,250800,A1,cost,42487.39569268294,0.0,42487.39569268294,True,0.765,0.0,0.0,0.0,0.0,0.0,0.00133123056578904,True,0,A1,False,,0.0,
418,251400,A1,cost,42487.27058179837,0.0,42487.27058179837,True,0.7166666666666667,0.0,0.0,0.0,0.0,0.0,0.0011071589106826795,True,0,A1,False,,0.0,
419,252000,A1,cost,42486.888907239016,0.0,42486.888907239016,True,0.7216666666666667,0.0,0.0,0.0,0.0,0.0,0.0011963093218670849,True,0,A1,False,,0.0,
420,252600,A1,cost,42486.59518989168,0.0,42486.59518989168,True,0.7,0.0,0.0,0.0,0.0,0.0,0.0012036827752236671,True,0,A1,False,,0.0,
421,253200,A1,cost,42486.23876630991,0.0,42486.23876630991,True,0.7216666666666667,0.0,0.0,0.0,0.0,0.0,0.001163500330465565,True,0,A1,False,,0.0,
422,253800,A1,cost,42485.60042058341,0.0,42485.60042058341,True,0.7583333333333333,0.0,0.0,0.0,0.0,0.0,0.0011972218296564454,True,0,A1,False,,0.0,
423,254400,A1,cost,42485.04241051469,0.0,42485.04241051469,True,0.7416666666666667,0.0,0.0,0.0,0.0,0.0,0.0011476672090835155,True,0,A1,False,,0.0,
424,255000,A1,cost,42483.95106307117,0.0,42483.95106307117,True,0.6516666666666666,0.0,0.0,0.0,0.0,0.0,0.001164944951037825,True,0,A1,False,,0.0,
425,255600,A1,cost,42483.4608445132,0.0,42483.4608445132,True,0.6116666666666667,0.0,0.0,0.0,0.0,0.0,0.0010686487370220824,True,0,A1,False,,0.0,
426,256200,A1,cost,42483.32188265871,0.0,42483.32188265871,True,0.4816666666666667,0.0,0.0,0.0,0.0,5.416703253816972e-06,0.0012125146304153788,True,0,A1,False,,0.0,
427,256800,A1,cost,42482.77016290151,0.0,42482.77016290151,True,0.5416666666666666,0.0,0.0,0.0,0.0,0.0,0.0014487864834384846,True,0,A1,False,,0.0,
428,257400,A1,cost,42482.30429288755,0.0,42482.30429288755,True,0.7333333333333333,0.0,0.0,0.0,0.0,0.0,0.0015597161408163664,True,0,A1,False,,0.0,
429,258000,A1,cost,42481.50212211763,0.0,42481.50212211763,True,0.745,0.0,0.0,0.0,0.0,0.0,0.0012794653957099757,True,0,A1,False,,0.0,
430,258600,A1,cost,42480.918380071605,0.0,42480.918380071605,True,0.685,0.0,0.0,0.0,0.0,0.0,0.0014715444000121367,True,0,A1,False,,0.0,
431,259200,A1,cost,42480.52173797331,0.0,42480.52173797331,True,0.695,0.0,0.0,0.0,0.0,0.0,0.0015476328491031842,True,0,A1,False,,0.0,
432,259800,A1,cost,42480.43727462247,0.0,42480.43727462247,True,0.6166666666666667,0.0,0.0,0.0,0.0,0.0,0.00196975417738718,True,0,A1,False,,0.0,
433,260400,A1,cost,42480.280734345484,0.0,42480.280734345484,True,0.6083333333333333,0.0,0.0,0.0,0.0,0.0,0.001983913377854046,True,0,A1,False,,0.0,
434,261000,A1,cost,42480.03068735621,0.0,42480.03068735621,True,0.66,0.0,0.0,0.0,0.0,0.0,0.001765899605752619,True,0,A1,False,,0.0,
435,261600,A1,cost,42480.03068735621,0.0,42480.03068735621,True,0.6383333333333333,0.0,0.0,0.0,0.0,0.0,0.0016972835120301797,False,1,A1,False,,0.0,
436,262200,A1,cost,42479.78847949213,0.0,42479.78847949213,True,0.5483333333333333,0.0,0.0,0.0,0.0,0.0,0.0016052405530924496,True,0,A1,False,,0.0,
437,262800,A1,cost,42479.644918509875,0.0,42479.644918509875,True,0.58,0.0,0.0,0.0,0.0,0.0,0.0016055915235917142,True,0,A1,False,,0.0,
438,263400,A1,cost,42479.644918509875,0.0,42479.644918509875,True,0.6416666666666667,0.0,0.0,0.0,0.0,0.0,0.0015773717257360122,False,1,A1,False,,0.0,
439,264000,A1,cost,42479.59637758823,0.0,42479.59637758823,True,0.6083333333333333,0.0,0.0,0.0,0.0,0.0,0.0015277069641787685,True,0,A1,False,,0.0,
440,264600,A1,cost,42479.524311459696,0.0,42479.524311459696,True,0.5666666666666667,0.0,0.0,0.0,0.0,0.0,0.0012571848031769936,True,0,A1,False,,0.0,
441,265200,A1,cost,42479.40682275445,0.0,42479.40682275445,True,0.675,0.0,0.0,0.0,0.0,0.0,0.0012990860966270992,True,0,A1,False,,0.0,
442,265800,A1,cost,42479.345598332744,0.0,42479.345598332744,True,0.6216666666666667,0.0,0.0,0.0,0.0,0.0,0.0013453444331747051,True,0,A1,False,,0.0,
443,266400,A1,cost,42479.2799614239,0.0,42479.2799614239,True,0.575,0.0,0.0,0.0,0.0,0.0,0.00136812347688003,True,0,A1,False,,0.0,
444,267000,A1,cost,42479.1251509586,0.0,42479.1251509586,True,0.705,0.0,0.0,0.0,0.0,0.0,0.0012815649558223273,True,0,A1,False,,0.0,
445,267600,A1,cost,42478.86290257969,0.0,42478.86290257969,True,0.65,0.0,0.0,0.0,0.0,0.0,0.0012052090146982826,True,0,A1,False,,0.0,
446,268200,A1,cost,42478.854491016784,0.0,42478.854491016784,True,0.5316666666666666,0.0,0.0,0.0,0.0,0.0,0.0011906506529709426,True,0,A1,False,,0.0,
447,268800,A1,cost,42478.600651924804,0.0,42478.600651924804,True,0.5483333333333333,0.0,0.0,0.0,0.0,0.0,0.0011623272280730356,True,0,A1,False,,0.0,
448,269400,A1,cost,42478.46793929368,0.0,42478.46793929368,True,0.5933333333333334,0.0,0.0,0.0,0.0,0.0,0.0011534133613181074,True,0,A1,False,,0.0,
449,270000,A1,cost,42478.46793929368,0.0,42478.46793929368,True,0.5283333333333333,0.0,0.0,0.0,0.0,0.0,0.0011418779841380641,False,1,A1,False,,0.0,
450,270600,A1,cost,42478.46793929368,0.0,42478.46793929368,True,0.45166666666666666,0.0,0.0,0.0,0.0,1.0737643864426143e-05,0.0011953190641824827,False,2,A1,False,,0.0,
451,271200,A1,cost,42478.46793929368,0.0,42478.46793929368,True,0.5083333333333333,0.0,0.0,0.0,0.0,0.0,0.00113900567248629,False,3,A1,False,,0.0,
452,271800,A1,cost,42478.38793241457,0.0,42478.38793241457,True,0.5133333333333333,0.0,0.0,0.0,0.0,0.0,0.0010971279002184814,True,0,A1,False,,0.0,
453,272400,A1,cost,42478.36865049049,0.0,42478.36865049049,True,0.5016666666666667,0.0,0.0,0.0,0.0,0.0,0.0010655223445915892,True,0,A1,False,,0.0,
454,273000,A1,cost,42478.30007759509,0.0,42478.30007759509,True,0.5083333333333333,0.0,0.0,0.0,0.0,0.0,0.0010095739796892088,True,0,A1,False,,0.0,
455,273600,A1,cost,42478.27265779438,0.0,42478.27265779438,True,0.4766666666666667,0.0,0.0,0.0,0.0,1.934136796233332e-06,0.0009469353124597175,True,0,A1,False,,0.0,
456,274200,A1,cost,42478.167469151405,0.0,42478.167469151405,True,0.5216666666666666,0.0,0.0,0.0,0.0,0.0,0.000975201735897021,True,0,A1,False,,0.0,
457,274800,A1,cost,42478.06116553032,0.0,42478.06116553032,True,0.58,0.0,0.0,0.0,0.0,0.0,0.0011304850300515369,True,0,A1,False,,0.0,
458,275400,A1,cost,42477.8126045736,0.0,42477.8126045736,True,0.6083333333333333,0.0,0.0,0.0,0.0,0.0,0.001022744374628287,True,0,A1,False,,0.0,
459,276000,A1,cost,42477.61966599098,0.0,42477.61966599098,True,0.5983333333333334,0.0,0.0,0.0,0.0,0.0,0.0010276610694670092,True,0,A1,False,,0.0,
460,276600,A1,cost,42477.477804373106,0.0,42477.477804373106,True,0.6183333333333333,0.0,0.0,0.0,0.0,0.0,0.0011112969915106781,True,0,A1,False,,0.0,
461,277200,A1,cost,42477.368817453345,0.0,42477.368817453345,True,0.595,0.0,0.0,0.0,0.0,0.0,0.0012361449028513059,True,0,A1,False,,0.0,
462,277800,A1,cost,42477.24338899719,0.0,42477.24338899719,True,0.62,0.0,0.0,0.0,0.0,0.0,0.0013147406823978518,True,0,A1,False,,0.0,
463,278400,A1,cost,42477.106509915335,0.0,42477.106509915335,True,0.5783333333333334,0.0,0.0,0.0,0.0,0.0,0.0013051953651287548,True,0,A1,False,,0.0,
464,279000,A1,cost,42476.98237852882,0.0,42476.98237852882,True,0.575,0.0,0.0,0.0,0.0,0.0,0.0013451406603237322,True,0,A1,False,,0.0,
465,279600,A1,cost,42476.87533499117,0.0,42476.87533499117,True,0.5533333333333333,0.0,0.0,0.0,0.0,0.0,0.0011773564044269263,True,0,A1,False,,0.0,
466,280200,A1,cost,42476.7742002695,0.0,42476.7742002695,True,0.5383333333333333,0.0,0.0,0.0,0.0,0.0,0.0012111908403474598,True,0,A1,False,,0.0,
467,280800,A1,cost,42476.70346819163,0.0,42476.70346819163,True,0.615,0.0,0.0,0.0,0.0,0.0,0.0014150438902878636,True,0,A1,False,,0.0,
468,281400,A1,cost,42476.453922915556,0.0,42476.453922915556,True,0.575,0.0,0.0,0.0,0.0,0.0,0.0015610101269978556,True,0,A1,False,,0.0,
469,282000,A1,cost,42476.27421782731,0.0,42476.27421782731,True,0.54,0.0,0.0,0.0,0.0,0.0,0.0015362560454970345,True,0,A1,False,,0.0,
470,282600,A1,cost,42475.600460720285,0.0,42475.600460720285,True,0.6716666666666666,0.0,0.0,0.0,0.0,0.0,0.0018529552598824587,True,0,A1,False,,0.0,
471,283200,A1,cost,42475.4092596744,0.0,42475.4092596744,True,0.5466666666666666,0.0,0.0,0.0,0.0,0.0,0.0020944951871650925,True,0,A1,False,,0.0,
472,283800,A1,cost,42475.153126663055,0.0,42475.153126663055,True,0.5,0.0,0.0,0.0,0.0,3.92243418190219e-08,0.0021885586655050523,True,0,A1,False,,0.0,
473,284400,A1,cost,42474.68683247502,0.0,42474.68683247502,True,0.54,0.0,0.0,0.0,0.0,0.0,0.0020402035600748467,True,0,A1,False,,0.0,
474,285000,A1,cost,42474.32818765843,0.0,42474.32818765843,True,0.5883333333333334,0.0,0.0,0.0,0.0,0.0,0.002070471550087289,True,0,A1,False,,0.0,
475,285600,A1,cost,42474.32818765843,0.0,42474.32818765843,True,0.44333333333333336,0.0,0.0,0.0,0.0,6.103466828664139e-05,0.0022157777026380874,False,1,A1,False,,0.0,
476,286200,A1,cost,42474.16234848381,0.0,42474.16234848381,True,0.37666666666666665,0.0,0.0,0.0,0.0,0.00013445245258063564,0.0022032956046971405,True,0,A1,False,,0.0,
477,286800,A1,cost,42473.84543881765,0.0,42473.84543881765,True,0.415,0.0,0.0,0.0,0.0,9.814673582647278e-05,0.0026583019378515517,True,0,A1,False,,0.0,
478,287400,A1,cost,42473.47682196458,0.0,42473.47682196458,True,0.4633333333333333,0.0,0.0,0.0,0.0,2.5396224654420743e-05,0.0027733793454300677,True,0,A1,False,,0.0,
479,288000,A1,cost,42473.47682196458,0.0,42473.47682196458,True,0.48333333333333334,0.0,0.0,0.0,0.0,8.90458138096406e-06,0.0029568829753122295,False,1,A1,False,,0.0,
480,288600,A1,cost,42473.47682196458,0.0,42473.47682196458,True,0.485,0.0,0.0,0.0,0.0,1.667471916112125e-05,0.0026412598610296646,False,2,A1,False,,0.0,
481,289200,A1,cost,42473.302268951054,0.0,42473.302268951054,True,0.49833333333333335,0.0,0.0,0.0,0.0,3.0662733662663774e-06,0.0025133470021579296,True,0,A1,False,,0.0,
482,289800,A1,cost,42473.13648420389,0.0,42473.13648420389,True,0.4483333333333333,0.0,0.0,0.0,0.0,4.06228934248946e-05,0.0022320553615368006,True,0,A1,False,,0.0,
483,290400,A1,cost,42472.490458389395,0.0,42472.490458389395,True,0.54,0.0,0.0,0.0,0.0,0.0,0.0023520578804561883,True,0,A1,False,,0.0,
484,291000,A1,cost,42472.18909352619,0.0,42472.18909352619,True,0.5133333333333333,0.0,0.0,0.0,0.0,0.0,0.0026103939512846118,True,0,A1,False,,0.0,
485,291600,A1,cost,42472.09744077984,0.0,42472.09744077984,True,0.47333333333333333,0.0,0.0,0.0,0.0,2.2305107522620677e-05,0.0025989820832963014,True,0,A1,False,,0.0,
486,292200,A1,cost,42471.99408572487,0.0,42471.99408572487,True,0.4266666666666667,0.0,0.0,0.0,0.0,0.0001072763382993595,0.002660905032061918,True,0,A1,False,,0.0,
487,292800,A1,cost,42471.99408572487,0.0,42471.99408572487,True,0.4866666666666667,0.0,0.0,0.0,0.0,9.02545439262307e-06,0.0024952030739259657,False,1,A1,False,,0.0,
488,293400,A1,cost,42471.730494705815,0.0,42471.730494705815,True,0.5333333333333333,0.0,0.0,0.0,0.0,0.0,0.0025919237469304284,True,0,A1,False,,0.0,
489,294000,A1,cost,42471.592902088625,0.0,42471.592902088625,True,0.4716666666666667,0.0,0.0,0.0,0.0,3.130034996482086e-05,0.0025765072698646836,True,0,A1,False,,0.0,
490,294600,A1,cost,42471.5305211971,0.0,42471.5305211971,True,0.5016666666666667,0.0,0.0,0.0,0.0,0.0,0.002454504104806952,True,0,A1,False,,0.0,
491,295200,A1,cost,42471.26096571484,0.0,42471.26096571484,True,0.4683333333333333,0.0,0.0,0.0,0.0,2.019670677091412e-05,0.00259829271879239,True,0,A1,False,,0.0,
492,295800,A1,cost,42470.73123619324,0.0,42470.73123619324,True,0.5166666666666667,0.0,0.0,0.0,0.0,0.0,0.002527960756143425,True,0,A1,False,,0.0,
493,296400,A1,cost,42470.73123619324,0.0,42470.73123619324,True,0.5316666666666666,0.0,0.0,0.0,0.0,0.0,0.002835739472544359,False,1,A1,False,,0.0,
494,297000,A1,cost,42470.722601837464,0.0,42470.722601837464,True,0.525,0.0,0.0,0.0,0.0,0.0,0.0025575183379797028,True,0,A1,False,,0.0,
495,297600,A1,cost,42470.722601837464,0.0,42470.722601837464,True,0.525,0.0,0.0,0.0,0.0,0.0,0.0026501620143856265,False,1,A1,False,,0.0,
496,298200,A1,cost,42470.428302405744,0.0,42470.428302405744,True,0.48333333333333334,0.0,0.0,0.0,0.0,8.393178394842473e-06,0.0025866219239298284,True,0,A1,False,,0.0,
497,298800,A1,cost,42470.428302405744,0.0,42470.428302405744,True,0.525,0.0,0.0,0.0,0.0,0.0,0.0027223015418027137,False,1,A1,False,,0.0,
498,299400,A1,cost,42470.3634185854,0.0,42470.3634185854,True,0.5233333333333333,0.0,0.0,0.0,0.0,0.0,0.002736061463809288,True,0,A1,False,,0.0,
499,300000,A1,cost,42470.263388676874,0.0,42470.263388676874,True,0.49833333333333335,0.0,0.0,0.0,0.0,5.553941857172618e-06,0.0025483155173931537,True,0,A1,False,,0.0,
500,300600,A1,cost,42470.263388676874,0.0,42470.263388676874,True,0.5033333333333333,0.0,0.0,0.0,0.0,0.0,0.0025909751064787903,False,1,A1,False,,0.0,
